0 New Minifig Model
0 Name: _main_character.ldr
0 Author: Michael Horvath
0 Unofficial Model
0 ROTATION CENTER 0 0 0 1 "Custom" 
0 ROTATION CONFIG 0 0
1 11 0 -96 1 1 0 0 0 1 0 0 0 1 4485.dat
1 14 0 -96 1 1 0 0 0 1 0 0 0 1 3626bp05.dat
1 2 0 -72 1 1 0 0 0 1 0 0 0 1 973p01.dat
1 8 0 -40 1 1 0 0 0 1 0 0 0 1 970.dat
1 2 -15.552 -63 1 0.985 -0.17 0 0.17 0.985 0 0 0 1 982.dat
1 2 15.552 -63 1 0.985 0.17 0 -0.17 0.985 0 0 0 1 981.dat
1 14 -23.8634 -45.4044 -9.321 0.985 -0.12019 0.12019 0.17 0.696395 -0.696395 0 0.707 0.707 983.dat
1 14 23.8634 -45.4044 -9.321 0.985 0.12019 -0.12019 -0.17 0.696395 -0.696395 0 0.707 0.707 983.dat
1 8 0 -28 1 1 0 0 0 1 0 0 0 1 971.dat
1 8 0 -28 1 1 0 0 0 1 0 0 0 1 972.dat
0
