0 FILE pedestrian_015_mangreengraysuitmustache.ldr
0 Bank Teller
0 Name: pedestrian_015_mangreengraysuitmustache.ldr
0 Author: James Jackson
0 Unofficial Datsville Minifig Model
0 Parent: Bjjbank.ldr

0 ROTATION CENTER 0 0 0 1 "Custom" 
0 ROTATION CONFIG 0 0
0 BFC NOCERTIFY

1 2 90 -20 220 0 0 1 0 1 0 -1 0 0 3816.dat
1 2 90 -20 220 0 0 1 0 1 0 -1 0 0 3817.dat
1 2 90 -32 220 0 0 1 0 1 0 -1 0 0 3815.dat
0 Inlined: 1 7 90 -64 220 0 0 1 0 1 0 -1 0 0 973t03.ldr
0 Minifig Torso - Banker
0 Author: James Jackson (jejackso@memphis.edu)
0 Un-Official LCad Update

1 7 90 -64 220 0 0 1 0 1 0 -1 0 0 s\973s01.dat

0 Plain back
4 7 100 -32 239 100 -32 201 100 -35 239 100 -35 201
4 7 100 -35 201 100 -35 239 100 -62 234.35 100 -62 205.65
4 7 100 -64 208 100 -64 232 100 -62 234.35 100 -62 205.65

0 Decoration
4 7 80 -64 232 80 -64 228 80 -62 227.36 80 -62 234.35
4 7 80 -64 212 80 -64 208 80 -62 205.65 80 -62 212.64
4 7 80 -62 234.35 80 -62 227.36 80 -59 226.4 80 -59 234.86
4 7 80 -62 212.64 80 -62 205.65 80 -59 205.14 80 -59 213.6
4 7 80 -59 234.86 80 -59 226.4 80 -54 223.6 80 -54 235.72
4 7 80 -59 213.6 80 -59 205.14 80 -54 204.28 80 -54 216.4
4 7 80 -54 235.72 80 -54 223.6 80 -48 220 80 -48 236.76
4 7 80 -54 216.4 80 -54 204.28 80 -48 203.24 80 -48 220
4 7 80 -48 236.76 80 -48 221.4 80 -35 221.4 80 -35 239
4 7 80 -48 218.6 80 -48 203.24 80 -35 201 80 -35 218.6
4 7 80 -35 239 80 -35 201 80 -32 201 80 -32 239
4 7 80 -48 221.4 80 -48 218.6 80 -46.4 218.6 80 -46.4 221.4
4 7 80 -43.6 221.4 80 -43.6 218.6 80 -42.4 218.6 80 -42.4 221.4
4 7 80 -39.6 221.4 80 -39.6 218.6 80 -38.4 218.6 80 -38.4 221.4
4 7 80 -35.6 221.4 80 -35.6 218.6 80 -35 218.6 80 -35 221.4
4 2 80 -64 228 80 -64 212 80 -59 213.6 80 -59 226.4
4 2 80 -59 226.4 80 -59 213.6 80 -54 216.4 80 -54 223.6
3 2 80 -54 223.6 80 -54 216.4 80 -48 220
1 7 80 -45 220 0 1 0 0 0 -1.3 -1.3 0 0 4-4ndis.dat
1 7 80 -41 220 0 1 0 0 0 -1.3 -1.3 0 0 4-4ndis.dat
1 7 80 -37 220 0 1 0 0 0 -1.3 -1.3 0 0 4-4ndis.dat
0 Buttons
1 14 80 -45 220 0 1 0 0 0 -1.3 -1.3 0 0 4-4disc.dat
1 14 80 -41 220 0 1 0 0 0 -1.3 -1.3 0 0 4-4disc.dat
1 14 80 -37 220 0 1 0 0 0 -1.3 -1.3 0 0 4-4disc.dat
0 
0 Inlining done.
1 14 89 -88 221 0 0 1 0 1 0 -1 0 0 3626bp03.dat
0 Arms and Hands
1 2 90 -55 204.448 0 0 1 -0.1699 0.9855 0 -0.9855 -0.1699 0 3819.dat
1 14 80.1 -37.2243 196.31 0 0.7071 0.7071 -0.1699 0.6968 -0.6968 -0.9855 -0.1201 0.1201 3820.dat
1 2 90 -55 235.552 0 -0.7071 0.7071 0.1699 0.6968 0.6968 -0.9855 0.1201 0.1201 3818.dat
1 14 69.6353 -49.5781 241.56 0 0 1 0.1699 0.9855 0 -0.9855 0.1699 0 3820.dat
0
