0 Bank Teller
0 Name: pedestrian_015_mangreengraysuitmustache.ldr
0 Author: James Jackson
0 Unofficial Datsville Minifig Model
0 Parent: Bjjbank.ldr

0 ROTATION CENTER 0 0 0 1 "Custom" 
0 ROTATION CONFIG 0 0
0 BFC NOCERTIFY

1 2 1 -28 0 0 0 1 0 1 0 -1 0 0 3816.dat
1 2 1 -28 0 0 0 1 0 1 0 -1 0 0 3817.dat
1 2 1 -40 0 0 0 1 0 1 0 -1 0 0 3815.dat
0 Inlined: 1 7 90 -64 220 0 0 1 0 1 0 -1 0 0 973t03.ldr
0 Minifig Torso - Banker
0 Author: James Jackson (jejackso@memphis.edu)
0 Un-Official LCad Update

1 7 1 -72 0 0 0 1 0 1 0 -1 0 0 s\973s01.dat

0 Plain back
4 7 11 -40 19 11 -40 -19 11 -43 19 11 -43 -19
4 7 11 -43 -19 11 -43 19 11 -70 14.35 11 -70 -14.35
4 7 11 -72 -12 11 -72 12 11 -70 14.35 11 -70 -14.35

0 Decoration
4 7 -9 -72 12 -9 -72 8 -9 -70 7.36 -9 -70 14.35
4 7 -9 -72 -8 -9 -72 -12 -9 -70 -14.35 -9 -70 -7.36
4 7 -9 -70 14.35 -9 -70 7.36 -9 -67 6.4 -9 -67 14.86
4 7 -9 -70 -7.36 -9 -70 -14.35 -9 -67 -14.86 -9 -67 -6.4
4 7 -9 -67 14.86 -9 -67 6.4 -9 -62 3.6 -9 -62 15.72
4 7 -9 -67 -6.4 -9 -67 -14.86 -9 -62 -15.72 -9 -62 -3.6
4 7 -9 -62 15.72 -9 -62 3.6 -9 -56 0 -9 -56 16.76
4 7 -9 -62 -3.6 -9 -62 -15.72 -9 -56 -16.76 -9 -56 0
4 7 -9 -56 16.76 -9 -56 1.4 -9 -43 1.4 -9 -43 19
4 7 -9 -56 -1.4 -9 -56 -16.76 -9 -43 -19 -9 -43 -1.4
4 7 -9 -43 19 -9 -43 -19 -9 -40 -19 -9 -40 19
4 7 -9 -56 1.4 -9 -56 -1.4 -9 -54.4 -1.4 -9 -54.4 1.4
4 7 -9 -51.6 1.4 -9 -51.6 -1.4 -9 -50.4 -1.4 -9 -50.4 1.4
4 7 -9 -47.6 1.4 -9 -47.6 -1.4 -9 -46.4 -1.4 -9 -46.4 1.4
4 7 -9 -43.6 1.4 -9 -43.6 -1.4 -9 -43 -1.4 -9 -43 1.4
4 2 -9 -72 8 -9 -72 -8 -9 -67 -6.4 -9 -67 6.4
4 2 -9 -67 6.4 -9 -67 -6.4 -9 -62 -3.6 -9 -62 3.6
3 2 -9 -62 3.6 -9 -62 -3.6 -9 -56 0
1 7 -9 -53 0 0 1 0 0 0 -1.3 -1.3 0 0 4-4ndis.dat
1 7 -9 -49 0 0 1 0 0 0 -1.3 -1.3 0 0 4-4ndis.dat
1 7 -9 -45 0 0 1 0 0 0 -1.3 -1.3 0 0 4-4ndis.dat
0 Buttons
1 14 -9 -53 0 0 1 0 0 0 -1.3 -1.3 0 0 4-4disc.dat
1 14 -9 -49 0 0 1 0 0 0 -1.3 -1.3 0 0 4-4disc.dat
1 14 -9 -45 0 0 1 0 0 0 -1.3 -1.3 0 0 4-4disc.dat
0 
0 Inlining done.
1 14 0 -96 1 0 0 1 0 1 0 -1 0 0 3626bp03.dat
0 Arms and Hands
1 2 1 -63 -15.552 0 0 1 -0.1699 0.9855 0 -0.9855 -0.1699 0 3819.dat
1 14 -8.9 -45.2243 -23.69 0 0.7071 0.7071 -0.1699 0.6968 -0.6968 -0.9855 -0.1201 0.1201 3820.dat
1 2 1 -63 15.552 0 -0.7071 0.7071 0.1699 0.6968 0.6968 -0.9855 0.1201 0.1201 3818.dat
1 14 -19.3647 -57.5781 21.56 0 0 1 0.1699 0.9855 0 -0.9855 0.1699 0 3820.dat

0
