0 Datsville Alehouse Minifig
0 Name: Mjwafig.ldr
0 Author: Jonathan Wilson
0 Unofficial Datsville Minifig Model
0 Parent: Bjwtavrn.ldr
0

1 4 0 -8 0 1 0 0 0 1 0 0 0 1 3817.dat
1 4 0 -8 0 1 0 0 0 1 0 0 0 1 3816.dat
1 0 0 -21 0 1 0 0 0 1 0 0 0 1 3815.dat
1 4 0 -53 0 1 0 0 0 1 0 0 0 1 973P41.DAT
1 14 0 -78 0 1 0 0 0 1 0 0 0 1 3626BP01.DAT
1 8 0 -80 0 1 0 0 0 1 0 0 0 1 3896.DAT
0
0 Arms and Hands
 1 1 15.552 -44 0 0.9855 0.1699 0 -0.1699 0.9855 0 0 0 1 3819.dat
 1 14 23.6904 -26.2243 -9.9 0.9855 0.1201 -0.1201 -0.1699 0.6968 -0.6968 0 0.7071 0.7071 3820.dat
 1 1 -15.552 -44 0 0.9855 -0.1699 0 0.1699 0.9855 0 0 0 1 3818.dat
 1 14 -23.6904 -26.2243 -9.9 0.9855 -0.1201 0.1201 0.1699 0.6968 -0.6968 0 0.7071 0.7071 3820.dat
0
