0 Loan Customer
0 Name: mjjbank2.ldr
0 Author: James Jackson
0 Unofficial Datsville Minifig Model
0 Parent: Bjjbank.ldr

1 7 -220 -17 152 -1 0 0 0 0 1 0 1 0 3816.dat
1 7 -220 -17 152 -1 0 0 0 0 1 0 1 0 3817.dat
1 7 -220 -29 152 -1 0 0 0 1 0 0 0 -1 3815.dat
0 1 8 -220 -61 152 -1 0 0 0 1 0 0 0 -1 973t04.ldr
1 8 -220 -61 152 -1 0 0 0 1 0 0 0 -1 973p18.dat
1 6 -220 -84 152 -1 0 0 0 1 0 0 0 -1 3626bp03.dat
1 7 -220 -84 152 -1 0 0 0 1 0 0 0 -1 3624.dat
0
0 Arms and Hands
 1 8 -235.552 -52 152 -0.9855 -0.1201 -0.1201 -0.1699 0.6968 0.6968 0 0.7071 -0.7071 3819.dat
 1 6 -241.5605 -46.5781 172.3647 -0.9855 -0.1699 0 -0.1699 0.9855 0 0 0 -1 3820.dat
 1 8 -204.448 -52 152 -0.9855 0.1201 0.1201 0.1699 0.6968 0.6968 0 0.7071 -0.7071 3818.dat
 1 6 -198.4395 -46.5781 172.3647 -0.9855 0.1699 0 0.1699 0.9855 0 0 0 -1 3820.dat
0
