0 FILE pedestrian_013.ldr
0 Loan Officer
0 Name: pedestrian_013.ldr
0 Author: James Jackson
0 Unofficial Datsville Minifig Model
0 Parent: Bjjbank.ldr

0 ROTATION CENTER 0 0 0 1 "Custom" 
0 ROTATION CONFIG 0 0
1 0 -220 -17 288 1 0 0 0 0 1 0 -1 0 3816.dat
1 0 -220 -17 288 1 0 0 0 0 1 0 -1 0 3817.dat
1 0 -220 -29 288 1 0 0 0 1 0 0 0 1 3815.dat
0 1 0 -220 -61 288 1 0 0 0 1 0 0 0 1 973t04.ldr
1 0 -220 -61 288 1 0 0 0 1 0 0 0 1 973p18.dat
1 14 -220 -84 288 1 0 0 0 1 0 0 0 1 3626bp04.dat
0 
0 Arms and Hands
1 0 -204.448 -52 288 0.9855 0.1201 0.1201 -0.1699 0.6968 0.6968 0 -0.7071 0.7071 3819.dat
1 14 -198.44 -46.5781 267.635 0.9855 0.1699 0 -0.1699 0.9855 0 0 0 1 3820.dat
1 0 -235.552 -52 288 0.9855 -0.1201 -0.1201 0.1699 0.6968 0.6968 0 -0.7071 0.7071 3818.dat
1 14 -241.56 -46.5781 267.635 0.9855 -0.1699 0 0.1699 0.9855 0 0 0 1 3820.dat
0
