0 ROTATION CENTER 0 0 0 1 "Custom"
0 ROTATION CONFIG 0 0
1 16 -320 240 320 1 0 0 0 -1 0 0 0 -1 grids32x.dat
1 16 0 0 0 1 0 0 0 1 0 0 0 1 axis32x.dat
1 16 -640 -128 0 0 0 1 0 1 0 -1 0 0 snotroad_doubledash.ldr
1 16 640 128 0 0 0 1 0 1 0 -1 0 0 snotroad_doubledash.ldr
1 15 -310.4038074758785 -125.80685656567273 296 0.9992043956127601 0 0.03988202337066996 0.03988202337066996 0 -0.9992043956127601 0 1 0 3005.dat
1 15 -280.1588160772302 -122.8414923226129 296 0.9884792555980525 0 0.15135640472844206 0.15135640472844206 0 -0.9884792555980525 0 1 0 3004.dat
1 15 -241.08300786039206 -114.40352037093883 296 0.964350308731986 0 0.26462895164460626 0.26462895164460626 0 -0.964350308731986 0 1 0 3004.dat
1 15 -203.08611542881925 -102.10883545640753 296 0.9381030577420798 0 0.34635625164699984 0.34635625164699984 0 -0.9381030577420798 0 1 0 3004.dat
1 15 -166.09386952463035 -87.04182186448217 296 0.9144861008962624 0 0.404617314591888 0.404617314591888 0 -0.9144861008962624 0 1 0 3004.dat
1 15 -129.8598711253781 -69.95852334369895 296 0.8951641870592314 0 0.44573655695554687 0.44573655695554687 0 -0.8951641870592314 0 1 0 3004.dat
1 15 -94.42922218553724 -51.56717293874641 296 0.8806538763275341 0 0.47376022427942205 0.47376022427942205 0 -0.8806538763275341 0 1 0 3004.dat
1 15 -59.37294923318751 -32.204407273924744 296 0.8707885093551664 0 0.49165777932928856 0.49165777932928856 0 -0.8707885093551664 0 1 0 3004.dat
1 15 -24.66548488567895 -12.326520360399655 296 0.8654587868010838 0 0.5009801276984911 0.5009801276984911 0 -0.8654587868010838 0 1 0 3004.dat
1 15 9.98520957267931 7.807964522689474 296 0.8645302874122386 0 0.5025807220207639 0.5025807220207639 0 -0.8645302874122386 0 1 0 3004.dat
1 15 44.61588171952644 27.81430661210831 296 0.8679833308391648 0 0.49659333199847644 0.49659333199847644 0 -0.8679833308391648 0 1 0 3004.dat
1 15 79.50168635189214 47.437671976542106 296 0.8759024958073478 0 0.4824881530550351 0.4824881530550351 0 -0.8759024958073478 0 1 0 3004.dat
1 15 114.81597465275195 66.32416481226701 296 0.8884533398285994 0 0.45896695191201625 0.45896695191201625 0 -0.8884533398285994 0 1 0 3004.dat
1 15 150.62507093356555 83.99618993695111 296 0.9057138494226208 0 0.4238896353581414 0.4238896353581414 0 -0.9057138494226208 0 1 0 3004.dat
1 15 187.29818419192747 100.0115664418459 296 0.9276319146634276 0 0.3734956906014624 0.3734956906014624 0 -0.9276319146634276 0 1 0 3004.dat
1 15 224.89238160097614 113.60726032641287 296 0.9531417758358242 0 0.30252397451529583 0.30252397451529583 0 -0.9531417758358242 0 1 0 3004.dat
1 15 263.5751468957517 123.84204314104005 296 0.9790858746764738 0 0.20344741337506442 0.20344741337506442 0 -0.9790858746764738 0 1 0 3004.dat
1 15 293.5189282475644 128.57202338837862 296 0.9944946765988863 0 0.10478710901860251 0.10478710901860251 0 -0.9944946765988863 0 1 0 3005.dat
1 15 -300.74855447703214 -125.23572609310616 272 0.996966927552025 0 0.07782637963746815 0.07782637963746815 0 -0.996966927552025 0 1 0 3004.dat
1 15 -261.24279457866475 -119.34886479264645 272 0.9776403664455111 0 0.21028388881768065 0.21028388881768065 0 -0.9776403664455111 0 1 0 3004.dat
1 15 -222.71286089936757 -108.90949724186052 272 0.9516247557573947 0 0.30726263070812726 0.30726263070812726 0 -0.9516247557573947 0 1 0 3004.dat
1 15 -185.21557425827956 -95.1686924449258 272 0.9262897204183796 0 0.3768120935522639 0.3768120935522639 0 -0.9262897204183796 0 1 0 3004.dat
1 15 -148.51965849109797 -79.00737988358531 272 0.9045784745717331 0 0.4263071467163979 0.4263071467163979 0 -0.9045784745717331 0 1 0 3004.dat
1 15 -112.69332434700504 -61.2250324339137 272 0.8875712693991127 0 0.46067042637578537 0.46067042637578537 0 -0.8875712693991127 0 1 0 3004.dat
1 15 -77.36674405393395 -42.25987084803624 272 0.8752896347284778 0 0.4835990646567547 0.4835990646567547 0 -0.8752896347284778 0 1 0 3004.dat
1 15 -42.60644977430559 -22.663797629070103 272 0.8676630879422874 0 0.49715265846865836 0.49715265846865836 0 -0.8676630879422874 0 1 0 3004.dat
1 15 -7.972714193123352 -2.6378495599080054 272 0.8644643338085581 0 0.5026941570904977 0.5026941570904977 0 -0.8644643338085581 0 1 0 3004.dat
1 15 26.67700808923695 17.490413396793798 272 0.8656473398198295 0 0.5006542550132302 0.5006542550132302 0 -0.8656473398198295 0 1 0 3004.dat
1 15 61.37944303067303 37.33611211145609 272 0.8712315915331367 0 0.49087219712939284 0.49087219712939284 0 -0.8712315915331367 0 1 0 3004.dat
1 15 96.42647467544952 56.639733407809786 272 0.881351344692595 0 0.4724614346256788 0.4724614346256788 0 -0.881351344692595 0 1 0 3004.dat
1 15 132.04375003911747 75.04278585003442 272 0.8962045197968729 0 0.4436411372896529 0.4436411372896529 0 -0.8962045197968729 0 1 0 3004.dat
1 15 168.2572527140968 91.99491173547125 272 0.9157709324808348 0 0.4017008827762051 0.4017008827762051 0 -0.9157709324808348 0 1 0 3004.dat
1 15 205.41632336502232 106.9631049604119 272 0.9396861927239584 0 0.34203780376436743 0.34203780376436743 0 -0.9396861927239584 0 1 0 3004.dat
1 15 243.47944425625292 119.0531129859906 272 0.9659846771781937 0 0.25859931062735086 0.25859931062735086 0 -0.9659846771781937 0 1 0 3004.dat
1 15 282.6975471685395 127.21906391331293 272 0.989747388965289 0 0.1428289397719983 0.1428289397719983 0 -0.989747388965289 0 1 0 3004.dat
1 15 -310.4038074758785 -125.80685656567273 248 0.9992043956127601 0 0.03988202337066996 0.03988202337066996 0 -0.9992043956127601 0 1 0 3005.dat
1 15 -280.1588160772302 -122.8414923226129 248 0.9884792555980525 0 0.15135640472844206 0.15135640472844206 0 -0.9884792555980525 0 1 0 3004.dat
1 15 -241.08300786039206 -114.40352037093883 248 0.964350308731986 0 0.26462895164460626 0.26462895164460626 0 -0.964350308731986 0 1 0 3004.dat
1 15 -203.08611542881925 -102.10883545640753 248 0.9381030577420798 0 0.34635625164699984 0.34635625164699984 0 -0.9381030577420798 0 1 0 3004.dat
1 15 -166.09386952463035 -87.04182186448217 248 0.9144861008962624 0 0.404617314591888 0.404617314591888 0 -0.9144861008962624 0 1 0 3004.dat
1 15 -129.8598711253781 -69.95852334369895 248 0.8951641870592314 0 0.44573655695554687 0.44573655695554687 0 -0.8951641870592314 0 1 0 3004.dat
1 15 -94.42922218553724 -51.56717293874641 248 0.8806538763275341 0 0.47376022427942205 0.47376022427942205 0 -0.8806538763275341 0 1 0 3004.dat
1 15 -59.37294923318751 -32.204407273924744 248 0.8707885093551664 0 0.49165777932928856 0.49165777932928856 0 -0.8707885093551664 0 1 0 3004.dat
1 15 -24.66548488567895 -12.326520360399655 248 0.8654587868010838 0 0.5009801276984911 0.5009801276984911 0 -0.8654587868010838 0 1 0 3004.dat
1 15 9.98520957267931 7.807964522689474 248 0.8645302874122386 0 0.5025807220207639 0.5025807220207639 0 -0.8645302874122386 0 1 0 3004.dat
1 15 44.61588171952644 27.81430661210831 248 0.8679833308391648 0 0.49659333199847644 0.49659333199847644 0 -0.8679833308391648 0 1 0 3004.dat
1 15 79.50168635189214 47.437671976542106 248 0.8759024958073478 0 0.4824881530550351 0.4824881530550351 0 -0.8759024958073478 0 1 0 3004.dat
1 15 114.81597465275195 66.32416481226701 248 0.8884533398285994 0 0.45896695191201625 0.45896695191201625 0 -0.8884533398285994 0 1 0 3004.dat
1 15 150.62507093356555 83.99618993695111 248 0.9057138494226208 0 0.4238896353581414 0.4238896353581414 0 -0.9057138494226208 0 1 0 3004.dat
1 15 187.29818419192747 100.0115664418459 248 0.9276319146634276 0 0.3734956906014624 0.3734956906014624 0 -0.9276319146634276 0 1 0 3004.dat
1 15 224.89238160097614 113.60726032641287 248 0.9531417758358242 0 0.30252397451529583 0.30252397451529583 0 -0.9531417758358242 0 1 0 3004.dat
1 15 263.5751468957517 123.84204314104005 248 0.9790858746764738 0 0.20344741337506442 0.20344741337506442 0 -0.9790858746764738 0 1 0 3004.dat
1 15 293.5189282475644 128.57202338837862 248 0.9944946765988863 0 0.10478710901860251 0.10478710901860251 0 -0.9944946765988863 0 1 0 3005.dat
1 15 -300.74855447703214 -125.23572609310616 224 0.996966927552025 0 0.07782637963746815 0.07782637963746815 0 -0.996966927552025 0 1 0 3004.dat
1 15 -261.24279457866475 -119.34886479264645 224 0.9776403664455111 0 0.21028388881768065 0.21028388881768065 0 -0.9776403664455111 0 1 0 3004.dat
1 15 -222.71286089936757 -108.90949724186052 224 0.9516247557573947 0 0.30726263070812726 0.30726263070812726 0 -0.9516247557573947 0 1 0 3004.dat
1 15 -185.21557425827956 -95.1686924449258 224 0.9262897204183796 0 0.3768120935522639 0.3768120935522639 0 -0.9262897204183796 0 1 0 3004.dat
1 15 -148.51965849109797 -79.00737988358531 224 0.9045784745717331 0 0.4263071467163979 0.4263071467163979 0 -0.9045784745717331 0 1 0 3004.dat
1 15 -112.69332434700504 -61.2250324339137 224 0.8875712693991127 0 0.46067042637578537 0.46067042637578537 0 -0.8875712693991127 0 1 0 3004.dat
1 15 -77.36674405393395 -42.25987084803624 224 0.8752896347284778 0 0.4835990646567547 0.4835990646567547 0 -0.8752896347284778 0 1 0 3004.dat
1 15 -42.60644977430559 -22.663797629070103 224 0.8676630879422874 0 0.49715265846865836 0.49715265846865836 0 -0.8676630879422874 0 1 0 3004.dat
1 15 -7.972714193123352 -2.6378495599080054 224 0.8644643338085581 0 0.5026941570904977 0.5026941570904977 0 -0.8644643338085581 0 1 0 3004.dat
1 15 26.67700808923695 17.490413396793798 224 0.8656473398198295 0 0.5006542550132302 0.5006542550132302 0 -0.8656473398198295 0 1 0 3004.dat
1 15 61.37944303067303 37.33611211145609 224 0.8712315915331367 0 0.49087219712939284 0.49087219712939284 0 -0.8712315915331367 0 1 0 3004.dat
1 15 96.42647467544952 56.639733407809786 224 0.881351344692595 0 0.4724614346256788 0.4724614346256788 0 -0.881351344692595 0 1 0 3004.dat
1 15 132.04375003911747 75.04278585003442 224 0.8962045197968729 0 0.4436411372896529 0.4436411372896529 0 -0.8962045197968729 0 1 0 3004.dat
1 15 168.2572527140968 91.99491173547125 224 0.9157709324808348 0 0.4017008827762051 0.4017008827762051 0 -0.9157709324808348 0 1 0 3004.dat
1 15 205.41632336502232 106.9631049604119 224 0.9396861927239584 0 0.34203780376436743 0.34203780376436743 0 -0.9396861927239584 0 1 0 3004.dat
1 15 243.47944425625292 119.0531129859906 224 0.9659846771781937 0 0.25859931062735086 0.25859931062735086 0 -0.9659846771781937 0 1 0 3004.dat
1 15 282.6975471685395 127.21906391331293 224 0.989747388965289 0 0.1428289397719983 0.1428289397719983 0 -0.989747388965289 0 1 0 3004.dat
1 15 -310.4038074758785 -125.80685656567273 200 0.9992043956127601 0 0.03988202337066996 0.03988202337066996 0 -0.9992043956127601 0 1 0 3005.dat
1 15 -280.1588160772302 -122.8414923226129 200 0.9884792555980525 0 0.15135640472844206 0.15135640472844206 0 -0.9884792555980525 0 1 0 3004.dat
1 15 -241.08300786039206 -114.40352037093883 200 0.964350308731986 0 0.26462895164460626 0.26462895164460626 0 -0.964350308731986 0 1 0 3004.dat
1 15 -203.08611542881925 -102.10883545640753 200 0.9381030577420798 0 0.34635625164699984 0.34635625164699984 0 -0.9381030577420798 0 1 0 3004.dat
1 15 -166.09386952463035 -87.04182186448217 200 0.9144861008962624 0 0.404617314591888 0.404617314591888 0 -0.9144861008962624 0 1 0 3004.dat
1 15 -129.8598711253781 -69.95852334369895 200 0.8951641870592314 0 0.44573655695554687 0.44573655695554687 0 -0.8951641870592314 0 1 0 3004.dat
1 15 -94.42922218553724 -51.56717293874641 200 0.8806538763275341 0 0.47376022427942205 0.47376022427942205 0 -0.8806538763275341 0 1 0 3004.dat
1 15 -59.37294923318751 -32.204407273924744 200 0.8707885093551664 0 0.49165777932928856 0.49165777932928856 0 -0.8707885093551664 0 1 0 3004.dat
1 15 -24.66548488567895 -12.326520360399655 200 0.8654587868010838 0 0.5009801276984911 0.5009801276984911 0 -0.8654587868010838 0 1 0 3004.dat
1 15 9.98520957267931 7.807964522689474 200 0.8645302874122386 0 0.5025807220207639 0.5025807220207639 0 -0.8645302874122386 0 1 0 3004.dat
1 15 44.61588171952644 27.81430661210831 200 0.8679833308391648 0 0.49659333199847644 0.49659333199847644 0 -0.8679833308391648 0 1 0 3004.dat
1 15 79.50168635189214 47.437671976542106 200 0.8759024958073478 0 0.4824881530550351 0.4824881530550351 0 -0.8759024958073478 0 1 0 3004.dat
1 15 114.81597465275195 66.32416481226701 200 0.8884533398285994 0 0.45896695191201625 0.45896695191201625 0 -0.8884533398285994 0 1 0 3004.dat
1 15 150.62507093356555 83.99618993695111 200 0.9057138494226208 0 0.4238896353581414 0.4238896353581414 0 -0.9057138494226208 0 1 0 3004.dat
1 15 187.29818419192747 100.0115664418459 200 0.9276319146634276 0 0.3734956906014624 0.3734956906014624 0 -0.9276319146634276 0 1 0 3004.dat
1 15 224.89238160097614 113.60726032641287 200 0.9531417758358242 0 0.30252397451529583 0.30252397451529583 0 -0.9531417758358242 0 1 0 3004.dat
1 15 263.5751468957517 123.84204314104005 200 0.9790858746764738 0 0.20344741337506442 0.20344741337506442 0 -0.9790858746764738 0 1 0 3004.dat
1 15 293.5189282475644 128.57202338837862 200 0.9944946765988863 0 0.10478710901860251 0.10478710901860251 0 -0.9944946765988863 0 1 0 3005.dat
1 14 -300.74855447703214 -125.23572609310616 192 0.996966927552025 0 0.07782637963746815 0.07782637963746815 0 -0.996966927552025 0 1 0 road_connect_1.ldr
1 14 -261.24279457866475 -119.34886479264645 192 0.9776403664455111 0 0.21028388881768065 0.21028388881768065 0 -0.9776403664455111 0 1 0 road_connect_1.ldr
1 14 -222.71286089936757 -108.90949724186052 192 0.9516247557573947 0 0.30726263070812726 0.30726263070812726 0 -0.9516247557573947 0 1 0 road_connect_1.ldr
1 14 -185.21557425827956 -95.1686924449258 192 0.9262897204183796 0 0.3768120935522639 0.3768120935522639 0 -0.9262897204183796 0 1 0 road_connect_1.ldr
1 14 -148.51965849109797 -79.00737988358531 192 0.9045784745717331 0 0.4263071467163979 0.4263071467163979 0 -0.9045784745717331 0 1 0 road_connect_1.ldr
1 14 -112.69332434700504 -61.2250324339137 192 0.8875712693991127 0 0.46067042637578537 0.46067042637578537 0 -0.8875712693991127 0 1 0 road_connect_1.ldr
1 14 -77.36674405393395 -42.25987084803624 192 0.8752896347284778 0 0.4835990646567547 0.4835990646567547 0 -0.8752896347284778 0 1 0 road_connect_1.ldr
1 14 -42.60644977430559 -22.663797629070103 192 0.8676630879422874 0 0.49715265846865836 0.49715265846865836 0 -0.8676630879422874 0 1 0 road_connect_1.ldr
1 14 -7.972714193123352 -2.6378495599080054 192 0.8644643338085581 0 0.5026941570904977 0.5026941570904977 0 -0.8644643338085581 0 1 0 road_connect_1.ldr
1 14 26.67700808923695 17.490413396793798 192 0.8656473398198295 0 0.5006542550132302 0.5006542550132302 0 -0.8656473398198295 0 1 0 road_connect_1.ldr
1 14 61.37944303067303 37.33611211145609 192 0.8712315915331367 0 0.49087219712939284 0.49087219712939284 0 -0.8712315915331367 0 1 0 road_connect_1.ldr
1 14 96.42647467544952 56.639733407809786 192 0.881351344692595 0 0.4724614346256788 0.4724614346256788 0 -0.881351344692595 0 1 0 road_connect_1.ldr
1 14 132.04375003911747 75.04278585003442 192 0.8962045197968729 0 0.4436411372896529 0.4436411372896529 0 -0.8962045197968729 0 1 0 road_connect_1.ldr
1 14 168.2572527140968 91.99491173547125 192 0.9157709324808348 0 0.4017008827762051 0.4017008827762051 0 -0.9157709324808348 0 1 0 road_connect_1.ldr
1 14 205.41632336502232 106.9631049604119 192 0.9396861927239584 0 0.34203780376436743 0.34203780376436743 0 -0.9396861927239584 0 1 0 road_connect_1.ldr
1 14 243.47944425625292 119.0531129859906 192 0.9659846771781937 0 0.25859931062735086 0.25859931062735086 0 -0.9659846771781937 0 1 0 road_connect_1.ldr
1 14 282.6975471685395 127.21906391331293 192 0.989747388965289 0 0.1428289397719983 0.1428289397719983 0 -0.989747388965289 0 1 0 road_connect_1.ldr
1 0 -310.4038074758785 -115.80685656567273 168 0.9992043956127601 0 0.03988202337066996 0.03988202337066996 0 -0.9992043956127601 0 1 0 3005.dat
1 0 -280.1588160772302 -112.8414923226129 168 0.9884792555980525 0 0.15135640472844206 0.15135640472844206 0 -0.9884792555980525 0 1 0 3004.dat
1 0 -241.08300786039206 -104.40352037093883 168 0.964350308731986 0 0.26462895164460626 0.26462895164460626 0 -0.964350308731986 0 1 0 3004.dat
1 0 -203.08611542881925 -92.10883545640753 168 0.9381030577420798 0 0.34635625164699984 0.34635625164699984 0 -0.9381030577420798 0 1 0 3004.dat
1 0 -166.09386952463035 -77.04182186448217 168 0.9144861008962624 0 0.404617314591888 0.404617314591888 0 -0.9144861008962624 0 1 0 3004.dat
1 0 -129.8598711253781 -59.95852334369896 168 0.8951641870592314 0 0.44573655695554687 0.44573655695554687 0 -0.8951641870592314 0 1 0 3004.dat
1 0 -94.42922218553724 -41.56717293874641 168 0.8806538763275341 0 0.47376022427942205 0.47376022427942205 0 -0.8806538763275341 0 1 0 3004.dat
1 0 -59.37294923318751 -22.204407273924744 168 0.8707885093551664 0 0.49165777932928856 0.49165777932928856 0 -0.8707885093551664 0 1 0 3004.dat
1 0 -24.66548488567895 -2.3265203603996553 168 0.8654587868010838 0 0.5009801276984911 0.5009801276984911 0 -0.8654587868010838 0 1 0 3004.dat
1 0 9.98520957267931 17.807964522689474 168 0.8645302874122386 0 0.5025807220207639 0.5025807220207639 0 -0.8645302874122386 0 1 0 3004.dat
1 0 44.61588171952644 37.81430661210831 168 0.8679833308391648 0 0.49659333199847644 0.49659333199847644 0 -0.8679833308391648 0 1 0 3004.dat
1 0 79.50168635189214 57.437671976542106 168 0.8759024958073478 0 0.4824881530550351 0.4824881530550351 0 -0.8759024958073478 0 1 0 3004.dat
1 0 114.81597465275195 76.32416481226701 168 0.8884533398285994 0 0.45896695191201625 0.45896695191201625 0 -0.8884533398285994 0 1 0 3004.dat
1 0 150.62507093356555 93.99618993695111 168 0.9057138494226208 0 0.4238896353581414 0.4238896353581414 0 -0.9057138494226208 0 1 0 3004.dat
1 0 187.29818419192747 110.0115664418459 168 0.9276319146634276 0 0.3734956906014624 0.3734956906014624 0 -0.9276319146634276 0 1 0 3004.dat
1 0 224.89238160097614 123.60726032641287 168 0.9531417758358242 0 0.30252397451529583 0.30252397451529583 0 -0.9531417758358242 0 1 0 3004.dat
1 0 263.5751468957517 133.84204314104005 168 0.9790858746764738 0 0.20344741337506442 0.20344741337506442 0 -0.9790858746764738 0 1 0 3004.dat
1 0 293.5189282475644 138.57202338837862 168 0.9944946765988863 0 0.10478710901860251 0.10478710901860251 0 -0.9944946765988863 0 1 0 3005.dat
1 0 -300.74855447703214 -115.23572609310616 144 0.996966927552025 0 0.07782637963746815 0.07782637963746815 0 -0.996966927552025 0 1 0 3004.dat
1 0 -261.24279457866475 -109.34886479264645 144 0.9776403664455111 0 0.21028388881768065 0.21028388881768065 0 -0.9776403664455111 0 1 0 3004.dat
1 0 -222.71286089936757 -98.90949724186052 144 0.9516247557573947 0 0.30726263070812726 0.30726263070812726 0 -0.9516247557573947 0 1 0 3004.dat
1 0 -185.21557425827956 -85.1686924449258 144 0.9262897204183796 0 0.3768120935522639 0.3768120935522639 0 -0.9262897204183796 0 1 0 3004.dat
1 0 -148.51965849109797 -69.00737988358531 144 0.9045784745717331 0 0.4263071467163979 0.4263071467163979 0 -0.9045784745717331 0 1 0 3004.dat
1 0 -112.69332434700504 -51.2250324339137 144 0.8875712693991127 0 0.46067042637578537 0.46067042637578537 0 -0.8875712693991127 0 1 0 3004.dat
1 0 -77.36674405393395 -32.25987084803624 144 0.8752896347284778 0 0.4835990646567547 0.4835990646567547 0 -0.8752896347284778 0 1 0 3004.dat
1 0 -42.60644977430559 -12.663797629070103 144 0.8676630879422874 0 0.49715265846865836 0.49715265846865836 0 -0.8676630879422874 0 1 0 3004.dat
1 0 -7.972714193123352 7.362150440091995 144 0.8644643338085581 0 0.5026941570904977 0.5026941570904977 0 -0.8644643338085581 0 1 0 3004.dat
1 0 26.67700808923695 27.490413396793798 144 0.8656473398198295 0 0.5006542550132302 0.5006542550132302 0 -0.8656473398198295 0 1 0 3004.dat
1 0 61.37944303067303 47.33611211145609 144 0.8712315915331367 0 0.49087219712939284 0.49087219712939284 0 -0.8712315915331367 0 1 0 3004.dat
1 0 96.42647467544952 66.63973340780978 144 0.881351344692595 0 0.4724614346256788 0.4724614346256788 0 -0.881351344692595 0 1 0 3004.dat
1 0 132.04375003911747 85.04278585003442 144 0.8962045197968729 0 0.4436411372896529 0.4436411372896529 0 -0.8962045197968729 0 1 0 3004.dat
1 0 168.2572527140968 101.99491173547125 144 0.9157709324808348 0 0.4017008827762051 0.4017008827762051 0 -0.9157709324808348 0 1 0 3004.dat
1 0 205.41632336502232 116.9631049604119 144 0.9396861927239584 0 0.34203780376436743 0.34203780376436743 0 -0.9396861927239584 0 1 0 3004.dat
1 0 243.47944425625292 129.0531129859906 144 0.9659846771781937 0 0.25859931062735086 0.25859931062735086 0 -0.9659846771781937 0 1 0 3004.dat
1 0 282.6975471685395 137.21906391331294 144 0.989747388965289 0 0.1428289397719983 0.1428289397719983 0 -0.989747388965289 0 1 0 3004.dat
1 0 -310.4038074758785 -115.80685656567273 120 0.9992043956127601 0 0.03988202337066996 0.03988202337066996 0 -0.9992043956127601 0 1 0 3005.dat
1 0 -280.1588160772302 -112.8414923226129 120 0.9884792555980525 0 0.15135640472844206 0.15135640472844206 0 -0.9884792555980525 0 1 0 3004.dat
1 0 -241.08300786039206 -104.40352037093883 120 0.964350308731986 0 0.26462895164460626 0.26462895164460626 0 -0.964350308731986 0 1 0 3004.dat
1 0 -203.08611542881925 -92.10883545640753 120 0.9381030577420798 0 0.34635625164699984 0.34635625164699984 0 -0.9381030577420798 0 1 0 3004.dat
1 0 -166.09386952463035 -77.04182186448217 120 0.9144861008962624 0 0.404617314591888 0.404617314591888 0 -0.9144861008962624 0 1 0 3004.dat
1 0 -129.8598711253781 -59.95852334369896 120 0.8951641870592314 0 0.44573655695554687 0.44573655695554687 0 -0.8951641870592314 0 1 0 3004.dat
1 0 -94.42922218553724 -41.56717293874641 120 0.8806538763275341 0 0.47376022427942205 0.47376022427942205 0 -0.8806538763275341 0 1 0 3004.dat
1 0 -59.37294923318751 -22.204407273924744 120 0.8707885093551664 0 0.49165777932928856 0.49165777932928856 0 -0.8707885093551664 0 1 0 3004.dat
1 0 -24.66548488567895 -2.3265203603996553 120 0.8654587868010838 0 0.5009801276984911 0.5009801276984911 0 -0.8654587868010838 0 1 0 3004.dat
1 0 9.98520957267931 17.807964522689474 120 0.8645302874122386 0 0.5025807220207639 0.5025807220207639 0 -0.8645302874122386 0 1 0 3004.dat
1 0 44.61588171952644 37.81430661210831 120 0.8679833308391648 0 0.49659333199847644 0.49659333199847644 0 -0.8679833308391648 0 1 0 3004.dat
1 0 79.50168635189214 57.437671976542106 120 0.8759024958073478 0 0.4824881530550351 0.4824881530550351 0 -0.8759024958073478 0 1 0 3004.dat
1 0 114.81597465275195 76.32416481226701 120 0.8884533398285994 0 0.45896695191201625 0.45896695191201625 0 -0.8884533398285994 0 1 0 3004.dat
1 0 150.62507093356555 93.99618993695111 120 0.9057138494226208 0 0.4238896353581414 0.4238896353581414 0 -0.9057138494226208 0 1 0 3004.dat
1 0 187.29818419192747 110.0115664418459 120 0.9276319146634276 0 0.3734956906014624 0.3734956906014624 0 -0.9276319146634276 0 1 0 3004.dat
1 0 224.89238160097614 123.60726032641287 120 0.9531417758358242 0 0.30252397451529583 0.30252397451529583 0 -0.9531417758358242 0 1 0 3004.dat
1 0 263.5751468957517 133.84204314104005 120 0.9790858746764738 0 0.20344741337506442 0.20344741337506442 0 -0.9790858746764738 0 1 0 3004.dat
1 0 293.5189282475644 138.57202338837862 120 0.9944946765988863 0 0.10478710901860251 0.10478710901860251 0 -0.9944946765988863 0 1 0 3005.dat
1 0 -300.74855447703214 -115.23572609310616 96 0.996966927552025 0 0.07782637963746815 0.07782637963746815 0 -0.996966927552025 0 1 0 3004.dat
1 0 -261.24279457866475 -109.34886479264645 96 0.9776403664455111 0 0.21028388881768065 0.21028388881768065 0 -0.9776403664455111 0 1 0 3004.dat
1 0 -222.71286089936757 -98.90949724186052 96 0.9516247557573947 0 0.30726263070812726 0.30726263070812726 0 -0.9516247557573947 0 1 0 3004.dat
1 0 -185.21557425827956 -85.1686924449258 96 0.9262897204183796 0 0.3768120935522639 0.3768120935522639 0 -0.9262897204183796 0 1 0 3004.dat
1 0 -148.51965849109797 -69.00737988358531 96 0.9045784745717331 0 0.4263071467163979 0.4263071467163979 0 -0.9045784745717331 0 1 0 3004.dat
1 0 -112.69332434700504 -51.2250324339137 96 0.8875712693991127 0 0.46067042637578537 0.46067042637578537 0 -0.8875712693991127 0 1 0 3004.dat
1 0 -77.36674405393395 -32.25987084803624 96 0.8752896347284778 0 0.4835990646567547 0.4835990646567547 0 -0.8752896347284778 0 1 0 3004.dat
1 0 -42.60644977430559 -12.663797629070103 96 0.8676630879422874 0 0.49715265846865836 0.49715265846865836 0 -0.8676630879422874 0 1 0 3004.dat
1 0 -7.972714193123352 7.362150440091995 96 0.8644643338085581 0 0.5026941570904977 0.5026941570904977 0 -0.8644643338085581 0 1 0 3004.dat
1 0 26.67700808923695 27.490413396793798 96 0.8656473398198295 0 0.5006542550132302 0.5006542550132302 0 -0.8656473398198295 0 1 0 3004.dat
1 0 61.37944303067303 47.33611211145609 96 0.8712315915331367 0 0.49087219712939284 0.49087219712939284 0 -0.8712315915331367 0 1 0 3004.dat
1 0 96.42647467544952 66.63973340780978 96 0.881351344692595 0 0.4724614346256788 0.4724614346256788 0 -0.881351344692595 0 1 0 3004.dat
1 0 132.04375003911747 85.04278585003442 96 0.8962045197968729 0 0.4436411372896529 0.4436411372896529 0 -0.8962045197968729 0 1 0 3004.dat
1 0 168.2572527140968 101.99491173547125 96 0.9157709324808348 0 0.4017008827762051 0.4017008827762051 0 -0.9157709324808348 0 1 0 3004.dat
1 0 205.41632336502232 116.9631049604119 96 0.9396861927239584 0 0.34203780376436743 0.34203780376436743 0 -0.9396861927239584 0 1 0 3004.dat
1 0 243.47944425625292 129.0531129859906 96 0.9659846771781937 0 0.25859931062735086 0.25859931062735086 0 -0.9659846771781937 0 1 0 3004.dat
1 0 282.6975471685395 137.21906391331294 96 0.989747388965289 0 0.1428289397719983 0.1428289397719983 0 -0.989747388965289 0 1 0 3004.dat
1 0 -310.4038074758785 -115.80685656567273 72 0.9992043956127601 0 0.03988202337066996 0.03988202337066996 0 -0.9992043956127601 0 1 0 3005.dat
1 0 -280.1588160772302 -112.8414923226129 72 0.9884792555980525 0 0.15135640472844206 0.15135640472844206 0 -0.9884792555980525 0 1 0 3004.dat
1 0 -241.08300786039206 -104.40352037093883 72 0.964350308731986 0 0.26462895164460626 0.26462895164460626 0 -0.964350308731986 0 1 0 3004.dat
1 0 -203.08611542881925 -92.10883545640753 72 0.9381030577420798 0 0.34635625164699984 0.34635625164699984 0 -0.9381030577420798 0 1 0 3004.dat
1 0 -166.09386952463035 -77.04182186448217 72 0.9144861008962624 0 0.404617314591888 0.404617314591888 0 -0.9144861008962624 0 1 0 3004.dat
1 0 -129.8598711253781 -59.95852334369896 72 0.8951641870592314 0 0.44573655695554687 0.44573655695554687 0 -0.8951641870592314 0 1 0 3004.dat
1 0 -94.42922218553724 -41.56717293874641 72 0.8806538763275341 0 0.47376022427942205 0.47376022427942205 0 -0.8806538763275341 0 1 0 3004.dat
1 0 -59.37294923318751 -22.204407273924744 72 0.8707885093551664 0 0.49165777932928856 0.49165777932928856 0 -0.8707885093551664 0 1 0 3004.dat
1 0 -24.66548488567895 -2.3265203603996553 72 0.8654587868010838 0 0.5009801276984911 0.5009801276984911 0 -0.8654587868010838 0 1 0 3004.dat
1 0 9.98520957267931 17.807964522689474 72 0.8645302874122386 0 0.5025807220207639 0.5025807220207639 0 -0.8645302874122386 0 1 0 3004.dat
1 0 44.61588171952644 37.81430661210831 72 0.8679833308391648 0 0.49659333199847644 0.49659333199847644 0 -0.8679833308391648 0 1 0 3004.dat
1 0 79.50168635189214 57.437671976542106 72 0.8759024958073478 0 0.4824881530550351 0.4824881530550351 0 -0.8759024958073478 0 1 0 3004.dat
1 0 114.81597465275195 76.32416481226701 72 0.8884533398285994 0 0.45896695191201625 0.45896695191201625 0 -0.8884533398285994 0 1 0 3004.dat
1 0 150.62507093356555 93.99618993695111 72 0.9057138494226208 0 0.4238896353581414 0.4238896353581414 0 -0.9057138494226208 0 1 0 3004.dat
1 0 187.29818419192747 110.0115664418459 72 0.9276319146634276 0 0.3734956906014624 0.3734956906014624 0 -0.9276319146634276 0 1 0 3004.dat
1 0 224.89238160097614 123.60726032641287 72 0.9531417758358242 0 0.30252397451529583 0.30252397451529583 0 -0.9531417758358242 0 1 0 3004.dat
1 0 263.5751468957517 133.84204314104005 72 0.9790858746764738 0 0.20344741337506442 0.20344741337506442 0 -0.9790858746764738 0 1 0 3004.dat
1 0 293.5189282475644 138.57202338837862 72 0.9944946765988863 0 0.10478710901860251 0.10478710901860251 0 -0.9944946765988863 0 1 0 3005.dat
1 0 -300.74855447703214 -115.23572609310616 48 0.996966927552025 0 0.07782637963746815 0.07782637963746815 0 -0.996966927552025 0 1 0 3004.dat
1 0 -261.24279457866475 -109.34886479264645 48 0.9776403664455111 0 0.21028388881768065 0.21028388881768065 0 -0.9776403664455111 0 1 0 3004.dat
1 0 -222.71286089936757 -98.90949724186052 48 0.9516247557573947 0 0.30726263070812726 0.30726263070812726 0 -0.9516247557573947 0 1 0 3004.dat
1 0 -185.21557425827956 -85.1686924449258 48 0.9262897204183796 0 0.3768120935522639 0.3768120935522639 0 -0.9262897204183796 0 1 0 3004.dat
1 0 -148.51965849109797 -69.00737988358531 48 0.9045784745717331 0 0.4263071467163979 0.4263071467163979 0 -0.9045784745717331 0 1 0 3004.dat
1 0 -112.69332434700504 -51.2250324339137 48 0.8875712693991127 0 0.46067042637578537 0.46067042637578537 0 -0.8875712693991127 0 1 0 3004.dat
1 0 -77.36674405393395 -32.25987084803624 48 0.8752896347284778 0 0.4835990646567547 0.4835990646567547 0 -0.8752896347284778 0 1 0 3004.dat
1 0 -42.60644977430559 -12.663797629070103 48 0.8676630879422874 0 0.49715265846865836 0.49715265846865836 0 -0.8676630879422874 0 1 0 3004.dat
1 0 -7.972714193123352 7.362150440091995 48 0.8644643338085581 0 0.5026941570904977 0.5026941570904977 0 -0.8644643338085581 0 1 0 3004.dat
1 0 26.67700808923695 27.490413396793798 48 0.8656473398198295 0 0.5006542550132302 0.5006542550132302 0 -0.8656473398198295 0 1 0 3004.dat
1 0 61.37944303067303 47.33611211145609 48 0.8712315915331367 0 0.49087219712939284 0.49087219712939284 0 -0.8712315915331367 0 1 0 3004.dat
1 0 96.42647467544952 66.63973340780978 48 0.881351344692595 0 0.4724614346256788 0.4724614346256788 0 -0.881351344692595 0 1 0 3004.dat
1 0 132.04375003911747 85.04278585003442 48 0.8962045197968729 0 0.4436411372896529 0.4436411372896529 0 -0.8962045197968729 0 1 0 3004.dat
1 0 168.2572527140968 101.99491173547125 48 0.9157709324808348 0 0.4017008827762051 0.4017008827762051 0 -0.9157709324808348 0 1 0 3004.dat
1 0 205.41632336502232 116.9631049604119 48 0.9396861927239584 0 0.34203780376436743 0.34203780376436743 0 -0.9396861927239584 0 1 0 3004.dat
1 0 243.47944425625292 129.0531129859906 48 0.9659846771781937 0 0.25859931062735086 0.25859931062735086 0 -0.9659846771781937 0 1 0 3004.dat
1 0 282.6975471685395 137.21906391331294 48 0.989747388965289 0 0.1428289397719983 0.1428289397719983 0 -0.989747388965289 0 1 0 3004.dat
1 0 -310.4038074758785 -115.80685656567273 24 0.9992043956127601 0 0.03988202337066996 0.03988202337066996 0 -0.9992043956127601 0 1 0 3005.dat
1 0 -280.1588160772302 -112.8414923226129 24 0.9884792555980525 0 0.15135640472844206 0.15135640472844206 0 -0.9884792555980525 0 1 0 3004.dat
1 0 -241.08300786039206 -104.40352037093883 24 0.964350308731986 0 0.26462895164460626 0.26462895164460626 0 -0.964350308731986 0 1 0 3004.dat
1 0 -203.08611542881925 -92.10883545640753 24 0.9381030577420798 0 0.34635625164699984 0.34635625164699984 0 -0.9381030577420798 0 1 0 3004.dat
1 0 -166.09386952463035 -77.04182186448217 24 0.9144861008962624 0 0.404617314591888 0.404617314591888 0 -0.9144861008962624 0 1 0 3004.dat
1 0 -129.8598711253781 -59.95852334369896 24 0.8951641870592314 0 0.44573655695554687 0.44573655695554687 0 -0.8951641870592314 0 1 0 3004.dat
1 0 -94.42922218553724 -41.56717293874641 24 0.8806538763275341 0 0.47376022427942205 0.47376022427942205 0 -0.8806538763275341 0 1 0 3004.dat
1 0 -59.37294923318751 -22.204407273924744 24 0.8707885093551664 0 0.49165777932928856 0.49165777932928856 0 -0.8707885093551664 0 1 0 3004.dat
1 0 -24.66548488567895 -2.3265203603996553 24 0.8654587868010838 0 0.5009801276984911 0.5009801276984911 0 -0.8654587868010838 0 1 0 3004.dat
1 0 9.98520957267931 17.807964522689474 24 0.8645302874122386 0 0.5025807220207639 0.5025807220207639 0 -0.8645302874122386 0 1 0 3004.dat
1 0 44.61588171952644 37.81430661210831 24 0.8679833308391648 0 0.49659333199847644 0.49659333199847644 0 -0.8679833308391648 0 1 0 3004.dat
1 0 79.50168635189214 57.437671976542106 24 0.8759024958073478 0 0.4824881530550351 0.4824881530550351 0 -0.8759024958073478 0 1 0 3004.dat
1 0 114.81597465275195 76.32416481226701 24 0.8884533398285994 0 0.45896695191201625 0.45896695191201625 0 -0.8884533398285994 0 1 0 3004.dat
1 0 150.62507093356555 93.99618993695111 24 0.9057138494226208 0 0.4238896353581414 0.4238896353581414 0 -0.9057138494226208 0 1 0 3004.dat
1 0 187.29818419192747 110.0115664418459 24 0.9276319146634276 0 0.3734956906014624 0.3734956906014624 0 -0.9276319146634276 0 1 0 3004.dat
1 0 224.89238160097614 123.60726032641287 24 0.9531417758358242 0 0.30252397451529583 0.30252397451529583 0 -0.9531417758358242 0 1 0 3004.dat
1 0 263.5751468957517 133.84204314104005 24 0.9790858746764738 0 0.20344741337506442 0.20344741337506442 0 -0.9790858746764738 0 1 0 3004.dat
1 0 293.5189282475644 138.57202338837862 24 0.9944946765988863 0 0.10478710901860251 0.10478710901860251 0 -0.9944946765988863 0 1 0 3005.dat
1 0 -300.74855447703214 -115.23572609310616 16 0.996966927552025 0 0.07782637963746815 0.07782637963746815 0 -0.996966927552025 0 1 0 3023.dat
1 0 -261.24279457866475 -109.34886479264645 16 0.9776403664455111 0 0.21028388881768065 0.21028388881768065 0 -0.9776403664455111 0 1 0 3023.dat
1 0 -222.71286089936757 -98.90949724186052 16 0.9516247557573947 0 0.30726263070812726 0.30726263070812726 0 -0.9516247557573947 0 1 0 3023.dat
1 0 -185.21557425827956 -85.1686924449258 16 0.9262897204183796 0 0.3768120935522639 0.3768120935522639 0 -0.9262897204183796 0 1 0 3023.dat
1 0 -148.51965849109797 -69.00737988358531 16 0.9045784745717331 0 0.4263071467163979 0.4263071467163979 0 -0.9045784745717331 0 1 0 3023.dat
1 0 -112.69332434700504 -51.2250324339137 16 0.8875712693991127 0 0.46067042637578537 0.46067042637578537 0 -0.8875712693991127 0 1 0 3023.dat
1 0 -77.36674405393395 -32.25987084803624 16 0.8752896347284778 0 0.4835990646567547 0.4835990646567547 0 -0.8752896347284778 0 1 0 3023.dat
1 0 -42.60644977430559 -12.663797629070103 16 0.8676630879422874 0 0.49715265846865836 0.49715265846865836 0 -0.8676630879422874 0 1 0 3023.dat
1 0 -7.972714193123352 7.362150440091995 16 0.8644643338085581 0 0.5026941570904977 0.5026941570904977 0 -0.8644643338085581 0 1 0 3023.dat
1 0 26.67700808923695 27.490413396793798 16 0.8656473398198295 0 0.5006542550132302 0.5006542550132302 0 -0.8656473398198295 0 1 0 3023.dat
1 0 61.37944303067303 47.33611211145609 16 0.8712315915331367 0 0.49087219712939284 0.49087219712939284 0 -0.8712315915331367 0 1 0 3023.dat
1 0 96.42647467544952 66.63973340780978 16 0.881351344692595 0 0.4724614346256788 0.4724614346256788 0 -0.881351344692595 0 1 0 3023.dat
1 0 132.04375003911747 85.04278585003442 16 0.8962045197968729 0 0.4436411372896529 0.4436411372896529 0 -0.8962045197968729 0 1 0 3023.dat
1 0 168.2572527140968 101.99491173547125 16 0.9157709324808348 0 0.4017008827762051 0.4017008827762051 0 -0.9157709324808348 0 1 0 3023.dat
1 0 205.41632336502232 116.9631049604119 16 0.9396861927239584 0 0.34203780376436743 0.34203780376436743 0 -0.9396861927239584 0 1 0 3023.dat
1 0 243.47944425625292 129.0531129859906 16 0.9659846771781937 0 0.25859931062735086 0.25859931062735086 0 -0.9659846771781937 0 1 0 3023.dat
1 0 282.6975471685395 137.21906391331294 16 0.989747388965289 0 0.1428289397719983 0.1428289397719983 0 -0.989747388965289 0 1 0 3023.dat
1 14 -310.4038074758785 -115.80685656567273 8 0.9992043956127601 0 0.03988202337066996 0.03988202337066996 0 -0.9992043956127601 0 1 0 3024.dat
1 14 -280.1588160772302 -112.8414923226129 8 0.9884792555980525 0 0.15135640472844206 0.15135640472844206 0 -0.9884792555980525 0 1 0 3023.dat
1 14 -241.08300786039206 -104.40352037093883 8 0.964350308731986 0 0.26462895164460626 0.26462895164460626 0 -0.964350308731986 0 1 0 3023.dat
1 14 -203.08611542881925 -92.10883545640753 8 0.9381030577420798 0 0.34635625164699984 0.34635625164699984 0 -0.9381030577420798 0 1 0 3023.dat
1 14 -166.09386952463035 -77.04182186448217 8 0.9144861008962624 0 0.404617314591888 0.404617314591888 0 -0.9144861008962624 0 1 0 3023.dat
1 14 -129.8598711253781 -59.95852334369896 8 0.8951641870592314 0 0.44573655695554687 0.44573655695554687 0 -0.8951641870592314 0 1 0 3023.dat
1 14 -94.42922218553724 -41.56717293874641 8 0.8806538763275341 0 0.47376022427942205 0.47376022427942205 0 -0.8806538763275341 0 1 0 3023.dat
1 14 -59.37294923318751 -22.204407273924744 8 0.8707885093551664 0 0.49165777932928856 0.49165777932928856 0 -0.8707885093551664 0 1 0 3023.dat
1 14 -24.66548488567895 -2.3265203603996553 8 0.8654587868010838 0 0.5009801276984911 0.5009801276984911 0 -0.8654587868010838 0 1 0 3023.dat
1 14 9.98520957267931 17.807964522689474 8 0.8645302874122386 0 0.5025807220207639 0.5025807220207639 0 -0.8645302874122386 0 1 0 3023.dat
1 14 44.61588171952644 37.81430661210831 8 0.8679833308391648 0 0.49659333199847644 0.49659333199847644 0 -0.8679833308391648 0 1 0 3023.dat
1 14 79.50168635189214 57.437671976542106 8 0.8759024958073478 0 0.4824881530550351 0.4824881530550351 0 -0.8759024958073478 0 1 0 3023.dat
1 14 114.81597465275195 76.32416481226701 8 0.8884533398285994 0 0.45896695191201625 0.45896695191201625 0 -0.8884533398285994 0 1 0 3023.dat
1 14 150.62507093356555 93.99618993695111 8 0.9057138494226208 0 0.4238896353581414 0.4238896353581414 0 -0.9057138494226208 0 1 0 3023.dat
1 14 187.29818419192747 110.0115664418459 8 0.9276319146634276 0 0.3734956906014624 0.3734956906014624 0 -0.9276319146634276 0 1 0 3023.dat
1 14 224.89238160097614 123.60726032641287 8 0.9531417758358242 0 0.30252397451529583 0.30252397451529583 0 -0.9531417758358242 0 1 0 3023.dat
1 14 263.5751468957517 133.84204314104005 8 0.9790858746764738 0 0.20344741337506442 0.20344741337506442 0 -0.9790858746764738 0 1 0 3023.dat
1 14 293.5189282475644 138.57202338837862 8 0.9944946765988863 0 0.10478710901860251 0.10478710901860251 0 -0.9944946765988863 0 1 0 3024.dat
1 0 -300.74855447703214 -115.23572609310616 0 0.996966927552025 0 0.07782637963746815 0.07782637963746815 0 -0.996966927552025 0 1 0 3069b.dat
1 0 -261.24279457866475 -109.34886479264645 0 0.9776403664455111 0 0.21028388881768065 0.21028388881768065 0 -0.9776403664455111 0 1 0 3069b.dat
1 0 -222.71286089936757 -98.90949724186052 0 0.9516247557573947 0 0.30726263070812726 0.30726263070812726 0 -0.9516247557573947 0 1 0 3069b.dat
1 0 -185.21557425827956 -85.1686924449258 0 0.9262897204183796 0 0.3768120935522639 0.3768120935522639 0 -0.9262897204183796 0 1 0 3069b.dat
1 0 -148.51965849109797 -69.00737988358531 0 0.9045784745717331 0 0.4263071467163979 0.4263071467163979 0 -0.9045784745717331 0 1 0 3069b.dat
1 0 -112.69332434700504 -51.2250324339137 0 0.8875712693991127 0 0.46067042637578537 0.46067042637578537 0 -0.8875712693991127 0 1 0 3069b.dat
1 0 -77.36674405393395 -32.25987084803624 0 0.8752896347284778 0 0.4835990646567547 0.4835990646567547 0 -0.8752896347284778 0 1 0 3069b.dat
1 0 -42.60644977430559 -12.663797629070103 0 0.8676630879422874 0 0.49715265846865836 0.49715265846865836 0 -0.8676630879422874 0 1 0 3069b.dat
1 0 -7.972714193123352 7.362150440091995 0 0.8644643338085581 0 0.5026941570904977 0.5026941570904977 0 -0.8644643338085581 0 1 0 3069b.dat
1 0 26.67700808923695 27.490413396793798 0 0.8656473398198295 0 0.5006542550132302 0.5006542550132302 0 -0.8656473398198295 0 1 0 3069b.dat
1 0 61.37944303067303 47.33611211145609 0 0.8712315915331367 0 0.49087219712939284 0.49087219712939284 0 -0.8712315915331367 0 1 0 3069b.dat
1 0 96.42647467544952 66.63973340780978 0 0.881351344692595 0 0.4724614346256788 0.4724614346256788 0 -0.881351344692595 0 1 0 3069b.dat
1 0 132.04375003911747 85.04278585003442 0 0.8962045197968729 0 0.4436411372896529 0.4436411372896529 0 -0.8962045197968729 0 1 0 3069b.dat
1 0 168.2572527140968 101.99491173547125 0 0.9157709324808348 0 0.4017008827762051 0.4017008827762051 0 -0.9157709324808348 0 1 0 3069b.dat
