0 Minifig Walking Man Dark
0 Name: Mtewalk1.ldr
0 Author: Tore Eriksson
0 Unofficial Datsville Minifig Model
0 Parent: Town-1-1.ldr

0 legs & hip
1 16 0 -28 0 1 0 0 0 0.966 0.259 0 -0.259 0.966 3817.dat
1 16 0 -28 0 1 0 0 0 0.966 -0.259 0 0.259 0.966 3816.dat
1 16 0 -40 0 1 0 0 0 1 0 0 0 1 3815.dat
0 torso
1 15 0 -72 0 1 0 0 0 1 0 0 0 1 973.dat
0 head
1 6 0 -96 0 1 0 0 0 1 0 0 0 1 3626bp03.dat
1 0 0 -96 0 1 0 0 0 1 0 0 0 1 3901.dat
0 arms
0 Inlined:  1 15 0 -64 0 1 0 0 0 1.0 0 0 0 1.0 d975c14.dat
1 15 -15.552 -64 0 0.9859 -0.17 0 0.17 0.9859 0 0 0 1 3818.dat
1 6 -23.6943 -46.2157 -9.9 0.9859 -0.1202 0.1202 0.17 0.6972 -0.6972 0 0.7071 0.7071 3820.dat
0 Inlined:  1 15 0 -64 0 1 0 0 0 0.766 -0.643 0 0.643 0.766 d976c14.dat
1 15 15.552 -64 0 0.9859 0.17 0 -0.1302 0.7552 -0.643 -0.1093 0.6339 0.766 3819.dat
1 6 23.6943 -44.0115 3.8519 0.9859 0.1202 -0.1202 -0.1302 0.0794 -0.9887 -0.1093 0.9899 0.0933 3820.dat
0 Inlining done.
0
