0 Ute Driver
0 Name: Mjwufig.ldr
0 Was: Ufig.dat
0 Author: Jonathan Wilson
0 Unofficial Datsville Minifig Model
0 Parent: Bjwgas.ldr

 1 1 0 -28 0 1 0 0 0 1 0 0 0 1 3817.dat
 1 1 0 -28 0 1 0 0 0 1 0 0 0 1 3816.dat
 1 1 0 -40 0 1 0 0 0 1 0 0 0 1 3815.dat
 1 1 0 -73 0 1 0 0 0 1 0 0 0 1 973P15.DAT
 1 14 0 -97 0 1 0 0 0 1 0 0 0 1 3626BP04.DAT
 1 15 0 -101 0 1 0 0 0 1 0 0 0 1 4485.DAT
 0 Arms and Hands
 1 15 15.552 -64 0 0.9855 0.1699 0 -0.1699 0.9855 0 0 0 1 3819.dat
 1 14 23.6904 -46.2243 -9.9 0.9855 0.1201 -0.1201 -0.1699 0.6968 -0.6968 0 0.7071 0.7071 3820.dat
 1 15 -15.552 -64 0 0.9855 -0.1699 0 0.1699 0.9855 0 0 0 1 3818.dat
 1 14 -23.6904 -46.2243 -9.9 0.9855 -0.1201 0.1201 0.1699 0.6968 -0.6968 0 0.7071 0.7071 3820.dat
0
