0 Tree #7
0 Name: Psbtre01.ldr
0 Was: Ttree1.dat
0 Author: Steve Bliss
0 Unofficial Datsville Plant Model
0 Parent: Town0-1.ldr

1 6 0 -24 0 1 0 0 0 1 0 0 0 1 3941.dat
1 6 0 -48 0 1 0 0 0 1 0 0 0 1 3941.dat
1 6 0 -72 0 1 0 0 0 1 0 0 0 1 3941.dat
1 6 0 -96 0 1 0 0 0 1 0 0 0 1 3941.dat
1 6 0 -192 0 0 -1 0 1 0 0 0 0 1 3708.dat
1 6 0 -112 0 1 0 0 0 1 0 0 0 1 2712.dat
1 2 0 -104 40 -0.422 0 0.906 0 1 0 -0.906 0 -0.422 2423.dat
1 2 34.641 -104 -20 -0.574 0 -0.818 0 1 0 0.818 0 -0.574 2423.dat
1 2 -34.641 -104 -20 0.995 0 -0.088 0 1 0 0.088 0 0.995 2423.dat
1 2 0 -112 40 0.422 0 -0.906 0 -1 0 -0.906 0 -0.422 2423.dat
1 2 34.641 -112 -20 -0.996 0 0.088 0 -1 0 0.088 0 0.996 2423.dat
1 2 -34.641 -112 -20 0.574 0 0.819 0 -1 0 0.819 0 -0.574 2423.dat
1 6 0 -144 0 -1 0 0 0 1 0 0 0 -1 2712.dat
1 2 0 -136 -40 0.422 0 -0.906 0 1 0 0.906 0 0.422 2423.dat
1 2 -34.641 -136 20 0.574 0 0.818 0 1 0 -0.818 0 0.574 2423.dat
1 2 34.641 -136 20 -0.995 0 0.088 0 1 0 -0.088 0 -0.995 2423.dat
1 2 0 -144 -40 -0.422 0 0.906 0 -1 0 0.906 0 0.422 2423.dat
1 2 -34.641 -144 20 0.996 0 -0.088 0 -1 0 -0.088 0 -0.996 2423.dat
1 2 34.641 -144 20 -0.574 0 -0.819 0 -1 0 -0.819 0 0.574 2423.dat
1 6 0 -176 0 1 0 0 0 1 0 0 0 1 2712.dat
1 2 0 -168 40 -0.422 0 0.906 0 1 0 -0.906 0 -0.422 2423.dat
1 2 34.641 -168 -20 -0.574 0 -0.818 0 1 0 0.818 0 -0.574 2423.dat
1 2 -34.641 -168 -20 0.995 0 -0.088 0 1 0 0.088 0 0.995 2423.dat
1 2 0 -176 40 0.422 0 -0.906 0 -1 0 -0.906 0 -0.422 2423.dat
1 2 34.641 -176 -20 -0.996 0 0.088 0 -1 0 0.088 0 0.996 2423.dat
1 2 -34.641 -176 -20 0.574 0 0.819 0 -1 0 0.819 0 -0.574 2423.dat
1 6 0 -208 0 -1 0 0 0 1 0 0 0 -1 2712.dat
1 2 0 -200 -40 0.422 0 -0.906 0 1 0 0.906 0 0.422 2423.dat
1 2 -34.641 -200 20 0.574 0 0.818 0 1 0 -0.818 0 0.574 2423.dat
1 2 34.641 -200 20 -0.995 0 0.088 0 1 0 -0.088 0 -0.995 2423.dat
1 2 0 -208 -40 -0.422 0 0.906 0 -1 0 0.906 0 0.422 2423.dat
1 2 -34.641 -208 20 0.996 0 -0.088 0 -1 0 -0.088 0 -0.996 2423.dat
1 2 34.641 -208 20 -0.574 0 -0.819 0 -1 0 -0.819 0 0.574 2423.dat
1 6 0 -232 0 1 0 0 0 1 0 0 0 1 2712.dat
1 2 0 -224 40 -0.422 0 0.906 0 1 0 -0.906 0 -0.422 2423.dat
1 2 34.641 -224 -20 -0.574 0 -0.818 0 1 0 0.818 0 -0.574 2423.dat
1 2 -34.641 -224 -20 0.995 0 -0.088 0 1 0 0.088 0 0.995 2423.dat
1 2 0 -232 40 0.422 0 -0.906 0 -1 0 -0.906 0 -0.422 2423.dat
1 2 34.641 -232 -20 -0.996 0 0.088 0 -1 0 0.088 0 0.996 2423.dat
1 2 -34.641 -232 -20 0.574 0 0.819 0 -1 0 0.819 0 -0.574 2423.dat
1 6 0 -264 0 -1 0 0 0 1 0 0 0 -1 2712.dat
1 2 0 -256 -40 0.422 0 -0.906 0 1 0 0.906 0 0.422 2423.dat
1 2 -34.641 -256 20 0.574 0 0.818 0 1 0 -0.818 0 0.574 2423.dat
1 2 34.641 -256 20 -0.995 0 0.088 0 1 0 -0.088 0 -0.995 2423.dat
1 2 0 -264 -40 -0.422 0 0.906 0 -1 0 0.906 0 0.422 2423.dat
1 2 -34.641 -264 20 0.996 0 -0.088 0 -1 0 -0.088 0 -0.996 2423.dat
1 2 34.641 -264 20 -0.574 0 -0.819 0 -1 0 -0.819 0 0.574 2423.dat
1 6 0 -296 0 1 0 0 0 1 0 0 0 1 2712.dat
1 2 0 -288 40 -0.422 0 0.906 0 1 0 -0.906 0 -0.422 2423.dat
1 2 34.641 -288 -20 -0.574 0 -0.818 0 1 0 0.818 0 -0.574 2423.dat
1 2 -34.641 -288 -20 0.995 0 -0.088 0 1 0 0.088 0 0.995 2423.dat
1 2 0 -296 40 0.422 0 -0.906 0 -1 0 -0.906 0 -0.422 2423.dat
1 2 34.641 -296 -20 -0.996 0 0.088 0 -1 0 0.088 0 0.996 2423.dat
1 2 -34.641 -296 -20 0.574 0 0.819 0 -1 0 0.819 0 -0.574 2423.dat
1 6 0 -320 0 -1 0 0 0 1 0 0 0 -1 4589.dat
1 2 0 -328 0 -1 0 0 0 1 0 0 0 -1 2417.dat
0
