0 Minifig Bicycle Template
0 Name: Vtecycle.ldr
0 Author: Tore Eriksson
0 Unofficial Datsville Vehicle Template

0 bicycle frame
1 16  0 0 0  1 0 0  0 1 0  0 0 1  4719.dat

0 bicycle headlight
1 47  0 -4 -90  1 0 0  0 0 -1  0 1 0  4073.dat

0 REM bicycle rear tire
1 256  0 30 0  1 0 0  0 1 0  0 0 1  4721.dat
0 REM bicycle rear wheel
1 47  0 30 0  1 0 0  0 1 0  0 0 1  4720.dat
0 REM bicycle front tire
1 256  0 30 -86  1 0 0  0 1 0  0 0 1  4721.dat
0 REM bicycle front wheel
1 47  0 30 -86  1 0 0  0 1 0  0 0 1  4720.dat
0

0 ~Minifig Bicycle Minifig Rider (Shortcut)
0 Author: William Howard

0 legs
1 1 0 2 -31 1 0 0 0 0.927 0.375 0 -0.375 0.927 3817.DAT
1 1 0 2 -31 1 0 0 0 0.927 0.375 0 -0.375 0.927 3816.DAT

0 hip
1 0 0 -9.67 -33.802 1 0 0 0 0.973 -0.234 0 0.234 0.973 3815.dat

0 torso
1 4 0 -40.785 -41.27 1 0 0 0 0.973 -0.234 0 0.234 0.973 973.DAT

0 head
1 14 0 -64.121 -46.873 1 0 0 0 0.973 -0.234 0 0.234 0.973 3626BP01.DAT

0 hat/hair
1 6 0 -64.109 -46.925 1 0 0 0 0.973 -0.234 0 0.234 0.973 3901.DAT

0 arms and hands
1 4 -15.552 -31.979 -39.147 0.986 -0.17 0 0.135 0.781 0.609 -0.103 -0.6 0.793 3818.DAT
1 14 -23.5 -24.579 -57.469 0.084 -0.996 -0.002 0.987 0.084 -0.145 0.131 0.005 0.989 3820.DAT
1 4 15.552 -31.979 -39.147 0.986 0.17 0 -0.135 0.781 0.609 0.103 -0.6 0.793 3819.DAT
1 14 23.5 -24.579 -57.469 0.084 0.996 0.002 -0.987 0.084 -0.145 -0.131 0.005 0.989 3820.DAT

0
