0 ROTATION CENTER 0 0 0 1 "Custom"
0 ROTATION CONFIG 0 0
1 16 -320 240 320 1 0 0 0 -1 0 0 0 -1 grids32x.dat
1 16 0 0 0 1 0 0 0 1 0 0 0 1 axis32x.dat
1 16 -640 -64 0 0 0 1 0 1 0 -1 0 0 snotroad_doubledash.ldr
1 16 640 64 0 0 0 1 0 1 0 -1 0 0 snotroad_doubledash.ldr
1 15 -309.7854919158559 -61.89070159540006 296 0.9997751842169458 0 0.0212033257762124 0.0212033257762124 0 -0.9997751842169458 0 1 0 3005.dat
1 15 -279.93285620739163 -60.40340263597276 296 0.9970524727406601 0 0.07672266028844067 0.07672266028844067 0 -0.9970524727406601 0 1 0 3004.dat
1 15 -240.18864925409323 -56.078494094350944 296 0.9905520076078005 0 0.13713759595441277 0.13713759595441277 0 -0.9905520076078005 0 1 0 3004.dat
1 15 -200.67263714219877 -49.60565713976832 296 0.9829135542261406 0 0.1840677726233895 0.1840677726233895 0 -0.9829135542261406 0 1 0 3004.dat
1 15 -161.51990298039251 -41.499993961241444 296 0.9755772421201807 0 0.21965665174809154 0.21965665174809154 0 -0.9755772421201807 0 1 0 3004.dat
1 15 -122.55721661183276 -32.14384774707164 296 0.9693038865839323 0 0.2458657671439503 0.2458657671439503 0 -0.9693038865839323 0 1 0 3004.dat
1 15 -83.80929195541068 -21.90153678974321 296 0.9645294810885304 0 0.26397515055605225 0.26397515055605225 0 -0.9645294810885304 0 1 0 3004.dat
1 15 -45.26099631477541 -11.091650229810625 296 0.9614716946140963 0 0.27490394769063925 0.27490394769063925 0 -0.9614716946140963 0 1 0 3004.dat
1 15 -6.741464955147762 0.03909458312337932 296 0.9602237180158412 0 0.279231823687477 0.279231823687477 0 -0.9602237180158412 0 1 0 3004.dat
1 15 31.578638271032332 11.161000190890376 296 0.9608178417511164 0 0.27718058188250954 0.27718058188250954 0 -0.9608178417511164 0 1 0 3004.dat
1 15 70.03671060765043 22.095076130193717 296 0.9632348705029028 0 0.2686607233059126 0.2686607233059126 0 -0.9632348705029028 0 1 0 3004.dat
1 15 108.55355077286737 32.533398885732666 296 0.9673937210800978 0 0.25327729549804123 0.25327729549804123 0 -0.9673937210800978 0 1 0 3004.dat
1 15 147.29953422179813 42.21561168851103 296 0.9731393507813375 0 0.23021686289426482 0.23021686289426482 0 -0.9731393507813375 0 1 0 3004.dat
1 15 186.35198138566523 50.814847149510015 296 0.9801512116340447 0 0.1982513614891813 0.1982513614891813 0 -0.9801512116340447 0 1 0 3004.dat
1 15 225.62887621906066 57.920166645009004 296 0.9877829169096102 0 0.1558361609561213 0.1558361609561213 0 -0.9877829169096102 0 1 0 3004.dat
1 15 265.2354452847502 63.09134354392589 296 0.9949113288133228 0 0.10075439344717724 0.10075439344717724 0 -0.9949113288133228 0 1 0 3004.dat
1 15 294.833865218292 65.35368239106211 296 0.9987403712006838 0 0.05017639817603678 0.05017639817603678 0 -0.9987403712006838 0 1 0 3005.dat
1 15 -299.50423542124434 -61.56780827730416 272 0.99914333325144 0 0.0413835670188296 0.0413835670188296 0 -0.99914333325144 0 1 0 3004.dat
1 15 -259.601482253127 -58.4958265919614 272 0.9939949176926806 0 0.10942624731352718 0.10942624731352718 0 -0.9939949176926806 0 1 0 3004.dat
1 15 -219.89169381683894 -52.99434770712931 272 0.986668852407213 0 0.1627408236719763 0.1627408236719763 0 -0.986668852407213 0 1 0 3004.dat
1 15 -180.5309512992418 -45.62071562218492 272 0.9790495317982509 0 0.20362223426145168 0.20362223426145168 0 -0.9790495317982509 0 1 0 3004.dat
1 15 -141.41238259914343 -36.80989124524572 272 0.9721771726974796 0 0.23424676067330177 0.23424676067330177 0 -0.9721771726974796 0 1 0 3004.dat
1 15 -102.61703662780061 -26.969718370748445 272 0.9666455067688531 0 0.25611806699955264 0.25611806699955264 0 -0.9666455067688531 0 1 0 3004.dat
1 15 -64.06662351367984 -16.423962178717765 272 0.9627427286359498 0 0.27041900535762286 0.27041900535762286 0 -0.9627427286359498 0 1 0 3004.dat
1 15 -25.59009225962029 -5.430817703601498 272 0.9606043688759586 0 0.27791949643092944 0.27791949643092944 0 -0.9606043688759586 0 1 0 3004.dat
1 15 12.733625986077982 5.702655966624064 272 0.9602966759756426 0 0.2789808131577005 0.2789808131577005 0 -0.9602966759756426 0 1 0 3004.dat
1 15 51.24196927436316 16.797598951262102 272 0.9618295467059569 0 0.27364927020442314 0.27364927020442314 0 -0.9618295467059569 0 1 0 3004.dat
1 15 89.76408822813181 27.523720113221458 272 0.9651567363061253 0 0.26167245625573304 0.26167245625573304 0 -0.9651567363061253 0 1 0 3004.dat
1 15 128.54471995241158 37.65125959841981 272 0.9701803015204313 0 0.2423843694253507 0.2423843694253507 0 -0.9701803015204313 0 1 0 3004.dat
1 15 167.53845832124853 46.83957854725479 272 0.9766528161202461 0 0.21482382727340227 0.21482382727340227 0 -0.9766528161202461 0 1 0 3004.dat
1 15 206.78298610322042 54.72922334460097 272 0.9841063118409731 0 0.1775803113939084 0.1775803113939084 0 -0.9841063118409731 0 1 0 3004.dat
1 15 246.33271526540386 60.90270952216969 272 0.9916808398612735 0 0.128721062192787 0.128721062192787 0 -0.9916808398612735 0 1 0 3004.dat
1 15 286.0610192991396 64.84227651988786 272 0.9978144250194739 0 0.06607853829388782 0.06607853829388782 0 -0.9978144250194739 0 1 0 3004.dat
1 15 -309.7854919158559 -61.89070159540006 248 0.9997751842169458 0 0.0212033257762124 0.0212033257762124 0 -0.9997751842169458 0 1 0 3005.dat
1 15 -279.93285620739163 -60.40340263597276 248 0.9970524727406601 0 0.07672266028844067 0.07672266028844067 0 -0.9970524727406601 0 1 0 3004.dat
1 15 -240.18864925409323 -56.078494094350944 248 0.9905520076078005 0 0.13713759595441277 0.13713759595441277 0 -0.9905520076078005 0 1 0 3004.dat
1 15 -200.67263714219877 -49.60565713976832 248 0.9829135542261406 0 0.1840677726233895 0.1840677726233895 0 -0.9829135542261406 0 1 0 3004.dat
1 15 -161.51990298039251 -41.499993961241444 248 0.9755772421201807 0 0.21965665174809154 0.21965665174809154 0 -0.9755772421201807 0 1 0 3004.dat
1 15 -122.55721661183276 -32.14384774707164 248 0.9693038865839323 0 0.2458657671439503 0.2458657671439503 0 -0.9693038865839323 0 1 0 3004.dat
1 15 -83.80929195541068 -21.90153678974321 248 0.9645294810885304 0 0.26397515055605225 0.26397515055605225 0 -0.9645294810885304 0 1 0 3004.dat
1 15 -45.26099631477541 -11.091650229810625 248 0.9614716946140963 0 0.27490394769063925 0.27490394769063925 0 -0.9614716946140963 0 1 0 3004.dat
1 15 -6.741464955147762 0.03909458312337932 248 0.9602237180158412 0 0.279231823687477 0.279231823687477 0 -0.9602237180158412 0 1 0 3004.dat
1 15 31.578638271032332 11.161000190890376 248 0.9608178417511164 0 0.27718058188250954 0.27718058188250954 0 -0.9608178417511164 0 1 0 3004.dat
1 15 70.03671060765043 22.095076130193717 248 0.9632348705029028 0 0.2686607233059126 0.2686607233059126 0 -0.9632348705029028 0 1 0 3004.dat
1 15 108.55355077286737 32.533398885732666 248 0.9673937210800978 0 0.25327729549804123 0.25327729549804123 0 -0.9673937210800978 0 1 0 3004.dat
1 15 147.29953422179813 42.21561168851103 248 0.9731393507813375 0 0.23021686289426482 0.23021686289426482 0 -0.9731393507813375 0 1 0 3004.dat
1 15 186.35198138566523 50.814847149510015 248 0.9801512116340447 0 0.1982513614891813 0.1982513614891813 0 -0.9801512116340447 0 1 0 3004.dat
1 15 225.62887621906066 57.920166645009004 248 0.9877829169096102 0 0.1558361609561213 0.1558361609561213 0 -0.9877829169096102 0 1 0 3004.dat
1 15 265.2354452847502 63.09134354392589 248 0.9949113288133228 0 0.10075439344717724 0.10075439344717724 0 -0.9949113288133228 0 1 0 3004.dat
1 15 294.833865218292 65.35368239106211 248 0.9987403712006838 0 0.05017639817603678 0.05017639817603678 0 -0.9987403712006838 0 1 0 3005.dat
1 15 -299.50423542124434 -61.56780827730416 224 0.99914333325144 0 0.0413835670188296 0.0413835670188296 0 -0.99914333325144 0 1 0 3004.dat
1 15 -259.601482253127 -58.4958265919614 224 0.9939949176926806 0 0.10942624731352718 0.10942624731352718 0 -0.9939949176926806 0 1 0 3004.dat
1 15 -219.89169381683894 -52.99434770712931 224 0.986668852407213 0 0.1627408236719763 0.1627408236719763 0 -0.986668852407213 0 1 0 3004.dat
1 15 -180.5309512992418 -45.62071562218492 224 0.9790495317982509 0 0.20362223426145168 0.20362223426145168 0 -0.9790495317982509 0 1 0 3004.dat
1 15 -141.41238259914343 -36.80989124524572 224 0.9721771726974796 0 0.23424676067330177 0.23424676067330177 0 -0.9721771726974796 0 1 0 3004.dat
1 15 -102.61703662780061 -26.969718370748445 224 0.9666455067688531 0 0.25611806699955264 0.25611806699955264 0 -0.9666455067688531 0 1 0 3004.dat
1 15 -64.06662351367984 -16.423962178717765 224 0.9627427286359498 0 0.27041900535762286 0.27041900535762286 0 -0.9627427286359498 0 1 0 3004.dat
1 15 -25.59009225962029 -5.430817703601498 224 0.9606043688759586 0 0.27791949643092944 0.27791949643092944 0 -0.9606043688759586 0 1 0 3004.dat
1 15 12.733625986077982 5.702655966624064 224 0.9602966759756426 0 0.2789808131577005 0.2789808131577005 0 -0.9602966759756426 0 1 0 3004.dat
1 15 51.24196927436316 16.797598951262102 224 0.9618295467059569 0 0.27364927020442314 0.27364927020442314 0 -0.9618295467059569 0 1 0 3004.dat
1 15 89.76408822813181 27.523720113221458 224 0.9651567363061253 0 0.26167245625573304 0.26167245625573304 0 -0.9651567363061253 0 1 0 3004.dat
1 15 128.54471995241158 37.65125959841981 224 0.9701803015204313 0 0.2423843694253507 0.2423843694253507 0 -0.9701803015204313 0 1 0 3004.dat
1 15 167.53845832124853 46.83957854725479 224 0.9766528161202461 0 0.21482382727340227 0.21482382727340227 0 -0.9766528161202461 0 1 0 3004.dat
1 15 206.78298610322042 54.72922334460097 224 0.9841063118409731 0 0.1775803113939084 0.1775803113939084 0 -0.9841063118409731 0 1 0 3004.dat
1 15 246.33271526540386 60.90270952216969 224 0.9916808398612735 0 0.128721062192787 0.128721062192787 0 -0.9916808398612735 0 1 0 3004.dat
1 15 286.0610192991396 64.84227651988786 224 0.9978144250194739 0 0.06607853829388782 0.06607853829388782 0 -0.9978144250194739 0 1 0 3004.dat
1 15 -309.7854919158559 -61.89070159540006 200 0.9997751842169458 0 0.0212033257762124 0.0212033257762124 0 -0.9997751842169458 0 1 0 3005.dat
1 15 -279.93285620739163 -60.40340263597276 200 0.9970524727406601 0 0.07672266028844067 0.07672266028844067 0 -0.9970524727406601 0 1 0 3004.dat
1 15 -240.18864925409323 -56.078494094350944 200 0.9905520076078005 0 0.13713759595441277 0.13713759595441277 0 -0.9905520076078005 0 1 0 3004.dat
1 15 -200.67263714219877 -49.60565713976832 200 0.9829135542261406 0 0.1840677726233895 0.1840677726233895 0 -0.9829135542261406 0 1 0 3004.dat
1 15 -161.51990298039251 -41.499993961241444 200 0.9755772421201807 0 0.21965665174809154 0.21965665174809154 0 -0.9755772421201807 0 1 0 3004.dat
1 15 -122.55721661183276 -32.14384774707164 200 0.9693038865839323 0 0.2458657671439503 0.2458657671439503 0 -0.9693038865839323 0 1 0 3004.dat
1 15 -83.80929195541068 -21.90153678974321 200 0.9645294810885304 0 0.26397515055605225 0.26397515055605225 0 -0.9645294810885304 0 1 0 3004.dat
1 15 -45.26099631477541 -11.091650229810625 200 0.9614716946140963 0 0.27490394769063925 0.27490394769063925 0 -0.9614716946140963 0 1 0 3004.dat
1 15 -6.741464955147762 0.03909458312337932 200 0.9602237180158412 0 0.279231823687477 0.279231823687477 0 -0.9602237180158412 0 1 0 3004.dat
1 15 31.578638271032332 11.161000190890376 200 0.9608178417511164 0 0.27718058188250954 0.27718058188250954 0 -0.9608178417511164 0 1 0 3004.dat
1 15 70.03671060765043 22.095076130193717 200 0.9632348705029028 0 0.2686607233059126 0.2686607233059126 0 -0.9632348705029028 0 1 0 3004.dat
1 15 108.55355077286737 32.533398885732666 200 0.9673937210800978 0 0.25327729549804123 0.25327729549804123 0 -0.9673937210800978 0 1 0 3004.dat
1 15 147.29953422179813 42.21561168851103 200 0.9731393507813375 0 0.23021686289426482 0.23021686289426482 0 -0.9731393507813375 0 1 0 3004.dat
1 15 186.35198138566523 50.814847149510015 200 0.9801512116340447 0 0.1982513614891813 0.1982513614891813 0 -0.9801512116340447 0 1 0 3004.dat
1 15 225.62887621906066 57.920166645009004 200 0.9877829169096102 0 0.1558361609561213 0.1558361609561213 0 -0.9877829169096102 0 1 0 3004.dat
1 15 265.2354452847502 63.09134354392589 200 0.9949113288133228 0 0.10075439344717724 0.10075439344717724 0 -0.9949113288133228 0 1 0 3004.dat
1 15 294.833865218292 65.35368239106211 200 0.9987403712006838 0 0.05017639817603678 0.05017639817603678 0 -0.9987403712006838 0 1 0 3005.dat
1 14 -299.50423542124434 -61.56780827730416 192 0.99914333325144 0 0.0413835670188296 0.0413835670188296 0 -0.99914333325144 0 1 0 road_connect_1.ldr
1 14 -259.601482253127 -58.4958265919614 192 0.9939949176926806 0 0.10942624731352718 0.10942624731352718 0 -0.9939949176926806 0 1 0 road_connect_1.ldr
1 14 -219.89169381683894 -52.99434770712931 192 0.986668852407213 0 0.1627408236719763 0.1627408236719763 0 -0.986668852407213 0 1 0 road_connect_1.ldr
1 14 -180.5309512992418 -45.62071562218492 192 0.9790495317982509 0 0.20362223426145168 0.20362223426145168 0 -0.9790495317982509 0 1 0 road_connect_1.ldr
1 14 -141.41238259914343 -36.80989124524572 192 0.9721771726974796 0 0.23424676067330177 0.23424676067330177 0 -0.9721771726974796 0 1 0 road_connect_1.ldr
1 14 -102.61703662780061 -26.969718370748445 192 0.9666455067688531 0 0.25611806699955264 0.25611806699955264 0 -0.9666455067688531 0 1 0 road_connect_1.ldr
1 14 -64.06662351367984 -16.423962178717765 192 0.9627427286359498 0 0.27041900535762286 0.27041900535762286 0 -0.9627427286359498 0 1 0 road_connect_1.ldr
1 14 -25.59009225962029 -5.430817703601498 192 0.9606043688759586 0 0.27791949643092944 0.27791949643092944 0 -0.9606043688759586 0 1 0 road_connect_1.ldr
1 14 12.733625986077982 5.702655966624064 192 0.9602966759756426 0 0.2789808131577005 0.2789808131577005 0 -0.9602966759756426 0 1 0 road_connect_1.ldr
1 14 51.24196927436316 16.797598951262102 192 0.9618295467059569 0 0.27364927020442314 0.27364927020442314 0 -0.9618295467059569 0 1 0 road_connect_1.ldr
1 14 89.76408822813181 27.523720113221458 192 0.9651567363061253 0 0.26167245625573304 0.26167245625573304 0 -0.9651567363061253 0 1 0 road_connect_1.ldr
1 14 128.54471995241158 37.65125959841981 192 0.9701803015204313 0 0.2423843694253507 0.2423843694253507 0 -0.9701803015204313 0 1 0 road_connect_1.ldr
1 14 167.53845832124853 46.83957854725479 192 0.9766528161202461 0 0.21482382727340227 0.21482382727340227 0 -0.9766528161202461 0 1 0 road_connect_1.ldr
1 14 206.78298610322042 54.72922334460097 192 0.9841063118409731 0 0.1775803113939084 0.1775803113939084 0 -0.9841063118409731 0 1 0 road_connect_1.ldr
1 14 246.33271526540386 60.90270952216969 192 0.9916808398612735 0 0.128721062192787 0.128721062192787 0 -0.9916808398612735 0 1 0 road_connect_1.ldr
1 14 286.0610192991396 64.84227651988786 192 0.9978144250194739 0 0.06607853829388782 0.06607853829388782 0 -0.9978144250194739 0 1 0 road_connect_1.ldr
1 0 -309.7854919158559 -51.89070159540006 168 0.9997751842169458 0 0.0212033257762124 0.0212033257762124 0 -0.9997751842169458 0 1 0 3005.dat
1 0 -279.93285620739163 -50.40340263597276 168 0.9970524727406601 0 0.07672266028844067 0.07672266028844067 0 -0.9970524727406601 0 1 0 3004.dat
1 0 -240.18864925409323 -46.078494094350944 168 0.9905520076078005 0 0.13713759595441277 0.13713759595441277 0 -0.9905520076078005 0 1 0 3004.dat
1 0 -200.67263714219877 -39.60565713976832 168 0.9829135542261406 0 0.1840677726233895 0.1840677726233895 0 -0.9829135542261406 0 1 0 3004.dat
1 0 -161.51990298039251 -31.499993961241443 168 0.9755772421201807 0 0.21965665174809154 0.21965665174809154 0 -0.9755772421201807 0 1 0 3004.dat
1 0 -122.55721661183276 -22.14384774707164 168 0.9693038865839323 0 0.2458657671439503 0.2458657671439503 0 -0.9693038865839323 0 1 0 3004.dat
1 0 -83.80929195541068 -11.901536789743211 168 0.9645294810885304 0 0.26397515055605225 0.26397515055605225 0 -0.9645294810885304 0 1 0 3004.dat
1 0 -45.26099631477541 -1.0916502298106252 168 0.9614716946140963 0 0.27490394769063925 0.27490394769063925 0 -0.9614716946140963 0 1 0 3004.dat
1 0 -6.741464955147762 10.03909458312338 168 0.9602237180158412 0 0.279231823687477 0.279231823687477 0 -0.9602237180158412 0 1 0 3004.dat
1 0 31.578638271032332 21.161000190890377 168 0.9608178417511164 0 0.27718058188250954 0.27718058188250954 0 -0.9608178417511164 0 1 0 3004.dat
1 0 70.03671060765043 32.09507613019372 168 0.9632348705029028 0 0.2686607233059126 0.2686607233059126 0 -0.9632348705029028 0 1 0 3004.dat
1 0 108.55355077286737 42.533398885732666 168 0.9673937210800978 0 0.25327729549804123 0.25327729549804123 0 -0.9673937210800978 0 1 0 3004.dat
1 0 147.29953422179813 52.21561168851103 168 0.9731393507813375 0 0.23021686289426482 0.23021686289426482 0 -0.9731393507813375 0 1 0 3004.dat
1 0 186.35198138566523 60.814847149510015 168 0.9801512116340447 0 0.1982513614891813 0.1982513614891813 0 -0.9801512116340447 0 1 0 3004.dat
1 0 225.62887621906066 67.920166645009 168 0.9877829169096102 0 0.1558361609561213 0.1558361609561213 0 -0.9877829169096102 0 1 0 3004.dat
1 0 265.2354452847502 73.09134354392589 168 0.9949113288133228 0 0.10075439344717724 0.10075439344717724 0 -0.9949113288133228 0 1 0 3004.dat
1 0 294.833865218292 75.35368239106211 168 0.9987403712006838 0 0.05017639817603678 0.05017639817603678 0 -0.9987403712006838 0 1 0 3005.dat
1 0 -299.50423542124434 -51.56780827730416 144 0.99914333325144 0 0.0413835670188296 0.0413835670188296 0 -0.99914333325144 0 1 0 3004.dat
1 0 -259.601482253127 -48.4958265919614 144 0.9939949176926806 0 0.10942624731352718 0.10942624731352718 0 -0.9939949176926806 0 1 0 3004.dat
1 0 -219.89169381683894 -42.99434770712931 144 0.986668852407213 0 0.1627408236719763 0.1627408236719763 0 -0.986668852407213 0 1 0 3004.dat
1 0 -180.5309512992418 -35.62071562218492 144 0.9790495317982509 0 0.20362223426145168 0.20362223426145168 0 -0.9790495317982509 0 1 0 3004.dat
1 0 -141.41238259914343 -26.809891245245722 144 0.9721771726974796 0 0.23424676067330177 0.23424676067330177 0 -0.9721771726974796 0 1 0 3004.dat
1 0 -102.61703662780061 -16.969718370748445 144 0.9666455067688531 0 0.25611806699955264 0.25611806699955264 0 -0.9666455067688531 0 1 0 3004.dat
1 0 -64.06662351367984 -6.423962178717765 144 0.9627427286359498 0 0.27041900535762286 0.27041900535762286 0 -0.9627427286359498 0 1 0 3004.dat
1 0 -25.59009225962029 4.569182296398502 144 0.9606043688759586 0 0.27791949643092944 0.27791949643092944 0 -0.9606043688759586 0 1 0 3004.dat
1 0 12.733625986077982 15.702655966624064 144 0.9602966759756426 0 0.2789808131577005 0.2789808131577005 0 -0.9602966759756426 0 1 0 3004.dat
1 0 51.24196927436316 26.797598951262102 144 0.9618295467059569 0 0.27364927020442314 0.27364927020442314 0 -0.9618295467059569 0 1 0 3004.dat
1 0 89.76408822813181 37.52372011322146 144 0.9651567363061253 0 0.26167245625573304 0.26167245625573304 0 -0.9651567363061253 0 1 0 3004.dat
1 0 128.54471995241158 47.65125959841981 144 0.9701803015204313 0 0.2423843694253507 0.2423843694253507 0 -0.9701803015204313 0 1 0 3004.dat
1 0 167.53845832124853 56.83957854725479 144 0.9766528161202461 0 0.21482382727340227 0.21482382727340227 0 -0.9766528161202461 0 1 0 3004.dat
1 0 206.78298610322042 64.72922334460097 144 0.9841063118409731 0 0.1775803113939084 0.1775803113939084 0 -0.9841063118409731 0 1 0 3004.dat
1 0 246.33271526540386 70.90270952216968 144 0.9916808398612735 0 0.128721062192787 0.128721062192787 0 -0.9916808398612735 0 1 0 3004.dat
1 0 286.0610192991396 74.84227651988786 144 0.9978144250194739 0 0.06607853829388782 0.06607853829388782 0 -0.9978144250194739 0 1 0 3004.dat
1 0 -309.7854919158559 -51.89070159540006 120 0.9997751842169458 0 0.0212033257762124 0.0212033257762124 0 -0.9997751842169458 0 1 0 3005.dat
1 0 -279.93285620739163 -50.40340263597276 120 0.9970524727406601 0 0.07672266028844067 0.07672266028844067 0 -0.9970524727406601 0 1 0 3004.dat
1 0 -240.18864925409323 -46.078494094350944 120 0.9905520076078005 0 0.13713759595441277 0.13713759595441277 0 -0.9905520076078005 0 1 0 3004.dat
1 0 -200.67263714219877 -39.60565713976832 120 0.9829135542261406 0 0.1840677726233895 0.1840677726233895 0 -0.9829135542261406 0 1 0 3004.dat
1 0 -161.51990298039251 -31.499993961241443 120 0.9755772421201807 0 0.21965665174809154 0.21965665174809154 0 -0.9755772421201807 0 1 0 3004.dat
1 0 -122.55721661183276 -22.14384774707164 120 0.9693038865839323 0 0.2458657671439503 0.2458657671439503 0 -0.9693038865839323 0 1 0 3004.dat
1 0 -83.80929195541068 -11.901536789743211 120 0.9645294810885304 0 0.26397515055605225 0.26397515055605225 0 -0.9645294810885304 0 1 0 3004.dat
1 0 -45.26099631477541 -1.0916502298106252 120 0.9614716946140963 0 0.27490394769063925 0.27490394769063925 0 -0.9614716946140963 0 1 0 3004.dat
1 0 -6.741464955147762 10.03909458312338 120 0.9602237180158412 0 0.279231823687477 0.279231823687477 0 -0.9602237180158412 0 1 0 3004.dat
1 0 31.578638271032332 21.161000190890377 120 0.9608178417511164 0 0.27718058188250954 0.27718058188250954 0 -0.9608178417511164 0 1 0 3004.dat
1 0 70.03671060765043 32.09507613019372 120 0.9632348705029028 0 0.2686607233059126 0.2686607233059126 0 -0.9632348705029028 0 1 0 3004.dat
1 0 108.55355077286737 42.533398885732666 120 0.9673937210800978 0 0.25327729549804123 0.25327729549804123 0 -0.9673937210800978 0 1 0 3004.dat
1 0 147.29953422179813 52.21561168851103 120 0.9731393507813375 0 0.23021686289426482 0.23021686289426482 0 -0.9731393507813375 0 1 0 3004.dat
1 0 186.35198138566523 60.814847149510015 120 0.9801512116340447 0 0.1982513614891813 0.1982513614891813 0 -0.9801512116340447 0 1 0 3004.dat
1 0 225.62887621906066 67.920166645009 120 0.9877829169096102 0 0.1558361609561213 0.1558361609561213 0 -0.9877829169096102 0 1 0 3004.dat
1 0 265.2354452847502 73.09134354392589 120 0.9949113288133228 0 0.10075439344717724 0.10075439344717724 0 -0.9949113288133228 0 1 0 3004.dat
1 0 294.833865218292 75.35368239106211 120 0.9987403712006838 0 0.05017639817603678 0.05017639817603678 0 -0.9987403712006838 0 1 0 3005.dat
1 0 -299.50423542124434 -51.56780827730416 96 0.99914333325144 0 0.0413835670188296 0.0413835670188296 0 -0.99914333325144 0 1 0 3004.dat
1 0 -259.601482253127 -48.4958265919614 96 0.9939949176926806 0 0.10942624731352718 0.10942624731352718 0 -0.9939949176926806 0 1 0 3004.dat
1 0 -219.89169381683894 -42.99434770712931 96 0.986668852407213 0 0.1627408236719763 0.1627408236719763 0 -0.986668852407213 0 1 0 3004.dat
1 0 -180.5309512992418 -35.62071562218492 96 0.9790495317982509 0 0.20362223426145168 0.20362223426145168 0 -0.9790495317982509 0 1 0 3004.dat
1 0 -141.41238259914343 -26.809891245245722 96 0.9721771726974796 0 0.23424676067330177 0.23424676067330177 0 -0.9721771726974796 0 1 0 3004.dat
1 0 -102.61703662780061 -16.969718370748445 96 0.9666455067688531 0 0.25611806699955264 0.25611806699955264 0 -0.9666455067688531 0 1 0 3004.dat
1 0 -64.06662351367984 -6.423962178717765 96 0.9627427286359498 0 0.27041900535762286 0.27041900535762286 0 -0.9627427286359498 0 1 0 3004.dat
1 0 -25.59009225962029 4.569182296398502 96 0.9606043688759586 0 0.27791949643092944 0.27791949643092944 0 -0.9606043688759586 0 1 0 3004.dat
1 0 12.733625986077982 15.702655966624064 96 0.9602966759756426 0 0.2789808131577005 0.2789808131577005 0 -0.9602966759756426 0 1 0 3004.dat
1 0 51.24196927436316 26.797598951262102 96 0.9618295467059569 0 0.27364927020442314 0.27364927020442314 0 -0.9618295467059569 0 1 0 3004.dat
1 0 89.76408822813181 37.52372011322146 96 0.9651567363061253 0 0.26167245625573304 0.26167245625573304 0 -0.9651567363061253 0 1 0 3004.dat
1 0 128.54471995241158 47.65125959841981 96 0.9701803015204313 0 0.2423843694253507 0.2423843694253507 0 -0.9701803015204313 0 1 0 3004.dat
1 0 167.53845832124853 56.83957854725479 96 0.9766528161202461 0 0.21482382727340227 0.21482382727340227 0 -0.9766528161202461 0 1 0 3004.dat
1 0 206.78298610322042 64.72922334460097 96 0.9841063118409731 0 0.1775803113939084 0.1775803113939084 0 -0.9841063118409731 0 1 0 3004.dat
1 0 246.33271526540386 70.90270952216968 96 0.9916808398612735 0 0.128721062192787 0.128721062192787 0 -0.9916808398612735 0 1 0 3004.dat
1 0 286.0610192991396 74.84227651988786 96 0.9978144250194739 0 0.06607853829388782 0.06607853829388782 0 -0.9978144250194739 0 1 0 3004.dat
1 0 -309.7854919158559 -51.89070159540006 72 0.9997751842169458 0 0.0212033257762124 0.0212033257762124 0 -0.9997751842169458 0 1 0 3005.dat
1 0 -279.93285620739163 -50.40340263597276 72 0.9970524727406601 0 0.07672266028844067 0.07672266028844067 0 -0.9970524727406601 0 1 0 3004.dat
1 0 -240.18864925409323 -46.078494094350944 72 0.9905520076078005 0 0.13713759595441277 0.13713759595441277 0 -0.9905520076078005 0 1 0 3004.dat
1 0 -200.67263714219877 -39.60565713976832 72 0.9829135542261406 0 0.1840677726233895 0.1840677726233895 0 -0.9829135542261406 0 1 0 3004.dat
1 0 -161.51990298039251 -31.499993961241443 72 0.9755772421201807 0 0.21965665174809154 0.21965665174809154 0 -0.9755772421201807 0 1 0 3004.dat
1 0 -122.55721661183276 -22.14384774707164 72 0.9693038865839323 0 0.2458657671439503 0.2458657671439503 0 -0.9693038865839323 0 1 0 3004.dat
1 0 -83.80929195541068 -11.901536789743211 72 0.9645294810885304 0 0.26397515055605225 0.26397515055605225 0 -0.9645294810885304 0 1 0 3004.dat
1 0 -45.26099631477541 -1.0916502298106252 72 0.9614716946140963 0 0.27490394769063925 0.27490394769063925 0 -0.9614716946140963 0 1 0 3004.dat
1 0 -6.741464955147762 10.03909458312338 72 0.9602237180158412 0 0.279231823687477 0.279231823687477 0 -0.9602237180158412 0 1 0 3004.dat
1 0 31.578638271032332 21.161000190890377 72 0.9608178417511164 0 0.27718058188250954 0.27718058188250954 0 -0.9608178417511164 0 1 0 3004.dat
1 0 70.03671060765043 32.09507613019372 72 0.9632348705029028 0 0.2686607233059126 0.2686607233059126 0 -0.9632348705029028 0 1 0 3004.dat
1 0 108.55355077286737 42.533398885732666 72 0.9673937210800978 0 0.25327729549804123 0.25327729549804123 0 -0.9673937210800978 0 1 0 3004.dat
1 0 147.29953422179813 52.21561168851103 72 0.9731393507813375 0 0.23021686289426482 0.23021686289426482 0 -0.9731393507813375 0 1 0 3004.dat
1 0 186.35198138566523 60.814847149510015 72 0.9801512116340447 0 0.1982513614891813 0.1982513614891813 0 -0.9801512116340447 0 1 0 3004.dat
1 0 225.62887621906066 67.920166645009 72 0.9877829169096102 0 0.1558361609561213 0.1558361609561213 0 -0.9877829169096102 0 1 0 3004.dat
1 0 265.2354452847502 73.09134354392589 72 0.9949113288133228 0 0.10075439344717724 0.10075439344717724 0 -0.9949113288133228 0 1 0 3004.dat
1 0 294.833865218292 75.35368239106211 72 0.9987403712006838 0 0.05017639817603678 0.05017639817603678 0 -0.9987403712006838 0 1 0 3005.dat
1 0 -299.50423542124434 -51.56780827730416 48 0.99914333325144 0 0.0413835670188296 0.0413835670188296 0 -0.99914333325144 0 1 0 3004.dat
1 0 -259.601482253127 -48.4958265919614 48 0.9939949176926806 0 0.10942624731352718 0.10942624731352718 0 -0.9939949176926806 0 1 0 3004.dat
1 0 -219.89169381683894 -42.99434770712931 48 0.986668852407213 0 0.1627408236719763 0.1627408236719763 0 -0.986668852407213 0 1 0 3004.dat
1 0 -180.5309512992418 -35.62071562218492 48 0.9790495317982509 0 0.20362223426145168 0.20362223426145168 0 -0.9790495317982509 0 1 0 3004.dat
1 0 -141.41238259914343 -26.809891245245722 48 0.9721771726974796 0 0.23424676067330177 0.23424676067330177 0 -0.9721771726974796 0 1 0 3004.dat
1 0 -102.61703662780061 -16.969718370748445 48 0.9666455067688531 0 0.25611806699955264 0.25611806699955264 0 -0.9666455067688531 0 1 0 3004.dat
1 0 -64.06662351367984 -6.423962178717765 48 0.9627427286359498 0 0.27041900535762286 0.27041900535762286 0 -0.9627427286359498 0 1 0 3004.dat
1 0 -25.59009225962029 4.569182296398502 48 0.9606043688759586 0 0.27791949643092944 0.27791949643092944 0 -0.9606043688759586 0 1 0 3004.dat
1 0 12.733625986077982 15.702655966624064 48 0.9602966759756426 0 0.2789808131577005 0.2789808131577005 0 -0.9602966759756426 0 1 0 3004.dat
1 0 51.24196927436316 26.797598951262102 48 0.9618295467059569 0 0.27364927020442314 0.27364927020442314 0 -0.9618295467059569 0 1 0 3004.dat
1 0 89.76408822813181 37.52372011322146 48 0.9651567363061253 0 0.26167245625573304 0.26167245625573304 0 -0.9651567363061253 0 1 0 3004.dat
1 0 128.54471995241158 47.65125959841981 48 0.9701803015204313 0 0.2423843694253507 0.2423843694253507 0 -0.9701803015204313 0 1 0 3004.dat
1 0 167.53845832124853 56.83957854725479 48 0.9766528161202461 0 0.21482382727340227 0.21482382727340227 0 -0.9766528161202461 0 1 0 3004.dat
1 0 206.78298610322042 64.72922334460097 48 0.9841063118409731 0 0.1775803113939084 0.1775803113939084 0 -0.9841063118409731 0 1 0 3004.dat
1 0 246.33271526540386 70.90270952216968 48 0.9916808398612735 0 0.128721062192787 0.128721062192787 0 -0.9916808398612735 0 1 0 3004.dat
1 0 286.0610192991396 74.84227651988786 48 0.9978144250194739 0 0.06607853829388782 0.06607853829388782 0 -0.9978144250194739 0 1 0 3004.dat
1 0 -309.7854919158559 -51.89070159540006 24 0.9997751842169458 0 0.0212033257762124 0.0212033257762124 0 -0.9997751842169458 0 1 0 3005.dat
1 0 -279.93285620739163 -50.40340263597276 24 0.9970524727406601 0 0.07672266028844067 0.07672266028844067 0 -0.9970524727406601 0 1 0 3004.dat
1 0 -240.18864925409323 -46.078494094350944 24 0.9905520076078005 0 0.13713759595441277 0.13713759595441277 0 -0.9905520076078005 0 1 0 3004.dat
1 0 -200.67263714219877 -39.60565713976832 24 0.9829135542261406 0 0.1840677726233895 0.1840677726233895 0 -0.9829135542261406 0 1 0 3004.dat
1 0 -161.51990298039251 -31.499993961241443 24 0.9755772421201807 0 0.21965665174809154 0.21965665174809154 0 -0.9755772421201807 0 1 0 3004.dat
1 0 -122.55721661183276 -22.14384774707164 24 0.9693038865839323 0 0.2458657671439503 0.2458657671439503 0 -0.9693038865839323 0 1 0 3004.dat
1 0 -83.80929195541068 -11.901536789743211 24 0.9645294810885304 0 0.26397515055605225 0.26397515055605225 0 -0.9645294810885304 0 1 0 3004.dat
1 0 -45.26099631477541 -1.0916502298106252 24 0.9614716946140963 0 0.27490394769063925 0.27490394769063925 0 -0.9614716946140963 0 1 0 3004.dat
1 0 -6.741464955147762 10.03909458312338 24 0.9602237180158412 0 0.279231823687477 0.279231823687477 0 -0.9602237180158412 0 1 0 3004.dat
1 0 31.578638271032332 21.161000190890377 24 0.9608178417511164 0 0.27718058188250954 0.27718058188250954 0 -0.9608178417511164 0 1 0 3004.dat
1 0 70.03671060765043 32.09507613019372 24 0.9632348705029028 0 0.2686607233059126 0.2686607233059126 0 -0.9632348705029028 0 1 0 3004.dat
1 0 108.55355077286737 42.533398885732666 24 0.9673937210800978 0 0.25327729549804123 0.25327729549804123 0 -0.9673937210800978 0 1 0 3004.dat
1 0 147.29953422179813 52.21561168851103 24 0.9731393507813375 0 0.23021686289426482 0.23021686289426482 0 -0.9731393507813375 0 1 0 3004.dat
1 0 186.35198138566523 60.814847149510015 24 0.9801512116340447 0 0.1982513614891813 0.1982513614891813 0 -0.9801512116340447 0 1 0 3004.dat
1 0 225.62887621906066 67.920166645009 24 0.9877829169096102 0 0.1558361609561213 0.1558361609561213 0 -0.9877829169096102 0 1 0 3004.dat
1 0 265.2354452847502 73.09134354392589 24 0.9949113288133228 0 0.10075439344717724 0.10075439344717724 0 -0.9949113288133228 0 1 0 3004.dat
1 0 294.833865218292 75.35368239106211 24 0.9987403712006838 0 0.05017639817603678 0.05017639817603678 0 -0.9987403712006838 0 1 0 3005.dat
1 0 -299.50423542124434 -51.56780827730416 16 0.99914333325144 0 0.0413835670188296 0.0413835670188296 0 -0.99914333325144 0 1 0 3023.dat
1 0 -259.601482253127 -48.4958265919614 16 0.9939949176926806 0 0.10942624731352718 0.10942624731352718 0 -0.9939949176926806 0 1 0 3023.dat
1 0 -219.89169381683894 -42.99434770712931 16 0.986668852407213 0 0.1627408236719763 0.1627408236719763 0 -0.986668852407213 0 1 0 3023.dat
1 0 -180.5309512992418 -35.62071562218492 16 0.9790495317982509 0 0.20362223426145168 0.20362223426145168 0 -0.9790495317982509 0 1 0 3023.dat
1 0 -141.41238259914343 -26.809891245245722 16 0.9721771726974796 0 0.23424676067330177 0.23424676067330177 0 -0.9721771726974796 0 1 0 3023.dat
1 0 -102.61703662780061 -16.969718370748445 16 0.9666455067688531 0 0.25611806699955264 0.25611806699955264 0 -0.9666455067688531 0 1 0 3023.dat
1 0 -64.06662351367984 -6.423962178717765 16 0.9627427286359498 0 0.27041900535762286 0.27041900535762286 0 -0.9627427286359498 0 1 0 3023.dat
1 0 -25.59009225962029 4.569182296398502 16 0.9606043688759586 0 0.27791949643092944 0.27791949643092944 0 -0.9606043688759586 0 1 0 3023.dat
1 0 12.733625986077982 15.702655966624064 16 0.9602966759756426 0 0.2789808131577005 0.2789808131577005 0 -0.9602966759756426 0 1 0 3023.dat
1 0 51.24196927436316 26.797598951262102 16 0.9618295467059569 0 0.27364927020442314 0.27364927020442314 0 -0.9618295467059569 0 1 0 3023.dat
1 0 89.76408822813181 37.52372011322146 16 0.9651567363061253 0 0.26167245625573304 0.26167245625573304 0 -0.9651567363061253 0 1 0 3023.dat
1 0 128.54471995241158 47.65125959841981 16 0.9701803015204313 0 0.2423843694253507 0.2423843694253507 0 -0.9701803015204313 0 1 0 3023.dat
1 0 167.53845832124853 56.83957854725479 16 0.9766528161202461 0 0.21482382727340227 0.21482382727340227 0 -0.9766528161202461 0 1 0 3023.dat
1 0 206.78298610322042 64.72922334460097 16 0.9841063118409731 0 0.1775803113939084 0.1775803113939084 0 -0.9841063118409731 0 1 0 3023.dat
1 0 246.33271526540386 70.90270952216968 16 0.9916808398612735 0 0.128721062192787 0.128721062192787 0 -0.9916808398612735 0 1 0 3023.dat
1 0 286.0610192991396 74.84227651988786 16 0.9978144250194739 0 0.06607853829388782 0.06607853829388782 0 -0.9978144250194739 0 1 0 3023.dat
1 14 -309.7854919158559 -51.89070159540006 8 0.9997751842169458 0 0.0212033257762124 0.0212033257762124 0 -0.9997751842169458 0 1 0 3024.dat
1 14 -279.93285620739163 -50.40340263597276 8 0.9970524727406601 0 0.07672266028844067 0.07672266028844067 0 -0.9970524727406601 0 1 0 3023.dat
1 14 -240.18864925409323 -46.078494094350944 8 0.9905520076078005 0 0.13713759595441277 0.13713759595441277 0 -0.9905520076078005 0 1 0 3023.dat
1 14 -200.67263714219877 -39.60565713976832 8 0.9829135542261406 0 0.1840677726233895 0.1840677726233895 0 -0.9829135542261406 0 1 0 3023.dat
1 14 -161.51990298039251 -31.499993961241443 8 0.9755772421201807 0 0.21965665174809154 0.21965665174809154 0 -0.9755772421201807 0 1 0 3023.dat
1 14 -122.55721661183276 -22.14384774707164 8 0.9693038865839323 0 0.2458657671439503 0.2458657671439503 0 -0.9693038865839323 0 1 0 3023.dat
1 14 -83.80929195541068 -11.901536789743211 8 0.9645294810885304 0 0.26397515055605225 0.26397515055605225 0 -0.9645294810885304 0 1 0 3023.dat
1 14 -45.26099631477541 -1.0916502298106252 8 0.9614716946140963 0 0.27490394769063925 0.27490394769063925 0 -0.9614716946140963 0 1 0 3023.dat
1 14 -6.741464955147762 10.03909458312338 8 0.9602237180158412 0 0.279231823687477 0.279231823687477 0 -0.9602237180158412 0 1 0 3023.dat
1 14 31.578638271032332 21.161000190890377 8 0.9608178417511164 0 0.27718058188250954 0.27718058188250954 0 -0.9608178417511164 0 1 0 3023.dat
1 14 70.03671060765043 32.09507613019372 8 0.9632348705029028 0 0.2686607233059126 0.2686607233059126 0 -0.9632348705029028 0 1 0 3023.dat
1 14 108.55355077286737 42.533398885732666 8 0.9673937210800978 0 0.25327729549804123 0.25327729549804123 0 -0.9673937210800978 0 1 0 3023.dat
1 14 147.29953422179813 52.21561168851103 8 0.9731393507813375 0 0.23021686289426482 0.23021686289426482 0 -0.9731393507813375 0 1 0 3023.dat
1 14 186.35198138566523 60.814847149510015 8 0.9801512116340447 0 0.1982513614891813 0.1982513614891813 0 -0.9801512116340447 0 1 0 3023.dat
1 14 225.62887621906066 67.920166645009 8 0.9877829169096102 0 0.1558361609561213 0.1558361609561213 0 -0.9877829169096102 0 1 0 3023.dat
1 14 265.2354452847502 73.09134354392589 8 0.9949113288133228 0 0.10075439344717724 0.10075439344717724 0 -0.9949113288133228 0 1 0 3023.dat
1 14 294.833865218292 75.35368239106211 8 0.9987403712006838 0 0.05017639817603678 0.05017639817603678 0 -0.9987403712006838 0 1 0 3024.dat
1 0 -299.50423542124434 -51.56780827730416 0 0.99914333325144 0 0.0413835670188296 0.0413835670188296 0 -0.99914333325144 0 1 0 3069b.dat
1 0 -259.601482253127 -48.4958265919614 0 0.9939949176926806 0 0.10942624731352718 0.10942624731352718 0 -0.9939949176926806 0 1 0 3069b.dat
1 0 -219.89169381683894 -42.99434770712931 0 0.986668852407213 0 0.1627408236719763 0.1627408236719763 0 -0.986668852407213 0 1 0 3069b.dat
1 0 -180.5309512992418 -35.62071562218492 0 0.9790495317982509 0 0.20362223426145168 0.20362223426145168 0 -0.9790495317982509 0 1 0 3069b.dat
1 0 -141.41238259914343 -26.809891245245722 0 0.9721771726974796 0 0.23424676067330177 0.23424676067330177 0 -0.9721771726974796 0 1 0 3069b.dat
1 0 -102.61703662780061 -16.969718370748445 0 0.9666455067688531 0 0.25611806699955264 0.25611806699955264 0 -0.9666455067688531 0 1 0 3069b.dat
1 0 -64.06662351367984 -6.423962178717765 0 0.9627427286359498 0 0.27041900535762286 0.27041900535762286 0 -0.9627427286359498 0 1 0 3069b.dat
1 0 -25.59009225962029 4.569182296398502 0 0.9606043688759586 0 0.27791949643092944 0.27791949643092944 0 -0.9606043688759586 0 1 0 3069b.dat
1 0 12.733625986077982 15.702655966624064 0 0.9602966759756426 0 0.2789808131577005 0.2789808131577005 0 -0.9602966759756426 0 1 0 3069b.dat
1 0 51.24196927436316 26.797598951262102 0 0.9618295467059569 0 0.27364927020442314 0.27364927020442314 0 -0.9618295467059569 0 1 0 3069b.dat
1 0 89.76408822813181 37.52372011322146 0 0.9651567363061253 0 0.26167245625573304 0.26167245625573304 0 -0.9651567363061253 0 1 0 3069b.dat
1 0 128.54471995241158 47.65125959841981 0 0.9701803015204313 0 0.2423843694253507 0.2423843694253507 0 -0.9701803015204313 0 1 0 3069b.dat
1 0 167.53845832124853 56.83957854725479 0 0.9766528161202461 0 0.21482382727340227 0.21482382727340227 0 -0.9766528161202461 0 1 0 3069b.dat
1 0 206.78298610322042 64.72922334460097 0 0.9841063118409731 0 0.1775803113939084 0.1775803113939084 0 -0.9841063118409731 0 1 0 3069b.dat
1 0 246.33271526540386 70.90270952216968 0 0.9916808398612735 0 0.128721062192787 0.128721062192787 0 -0.9916808398612735 0 1 0 3069b.dat
1 0 286.0610192991396 74.84227651988786 0 0.9978144250194739 0 0.06607853829388782 0.06607853829388782 0 -0.9978144250194739 0 1 0 3069b.dat
1 0 -299.50423542124434 -51.56780827730416 0 0.99914333325144 0 -0.0413835670188296 0.0413835670188296 0 0.99914333325144 0 -1 0 3069b.dat
1 0 -259.601482253127 -48.4958265919614 0 0.9939949176926806 0 -0.10942624731352718 0.10942624731352718 0 0.9939949176926806 0 -1 0 3069b.dat
1 0 -219.89169381683894 -42.99434770712931 0 0.986668852407213 0 -0.1627408236719763 0.1627408236719763 0 0.986668852407213 0 -1 0 3069b.dat
1 0 -180.5309512992418 -35.62071562218492 0 0.9790495317982509 0 -0.20362223426145168 0.20362223426145168 0 0.9790495317982509 0 -1 0 3069b.dat
1 0 -141.41238259914343 -26.809891245245722 0 0.9721771726974796 0 -0.23424676067330177 0.23424676067330177 0 0.9721771726974796 0 -1 0 3069b.dat
1 0 -102.61703662780061 -16.969718370748445 0 0.9666455067688531 0 -0.25611806699955264 0.25611806699955264 0 0.9666455067688531 0 -1 0 3069b.dat
1 0 -64.06662351367984 -6.423962178717765 0 0.9627427286359498 0 -0.27041900535762286 0.27041900535762286 0 0.9627427286359498 0 -1 0 3069b.dat
1 0 -25.59009225962029 4.569182296398502 0 0.9606043688759586 0 -0.27791949643092944 0.27791949643092944 0 0.9606043688759586 0 -1 0 3069b.dat
1 0 12.733625986077982 15.702655966624064 0 0.9602966759756426 0 -0.2789808131577005 0.2789808131577005 0 0.9602966759756426 0 -1 0 3069b.dat
1 0 51.24196927436316 26.797598951262102 0 0.9618295467059569 0 -0.27364927020442314 0.27364927020442314 0 0.9618295467059569 0 -1 0 3069b.dat
1 0 89.76408822813181 37.52372011322146 0 0.9651567363061253 0 -0.26167245625573304 0.26167245625573304 0 0.9651567363061253 0 -1 0 3069b.dat
1 0 128.54471995241158 47.65125959841981 0 0.9701803015204313 0 -0.2423843694253507 0.2423843694253507 0 0.9701803015204313 0 -1 0 3069b.dat
1 0 167.53845832124853 56.83957854725479 0 0.9766528161202461 0 -0.21482382727340227 0.21482382727340227 0 0.9766528161202461 0 -1 0 3069b.dat
