0 FILE pedestrian_004_sleevelesswaving.ldr
0 Minifig Waving
0 Name: pedestrian_004_sleevelesswaving.ldr
0 Was: tmmwave.dat
0 Author: John VanZwieten
0 Unofficial Datsville Minifig
0 Datsville Rev. TE009
0 Parent: Townpeep.ldr

0 legs & hip
0 ROTATION CENTER 0 0 0 1 "Custom" 
0 ROTATION CONFIG 0 0
1 6 0 0 0 1 0 0 0 1 0 0 0 1 3817.dat
1 6 0 0 0 1 0 0 0 1 0 0 0 1 3816.dat
1 6 0 -12 0 1 0 0 0 1 0 0 0 1 3815.dat
0 torso
1 15 0 -44 0 1 0 0 0 1 0 0 0 1 973.dat
0 head
1 14 0 -68 0 1 0 0 0 1 0 0 0 1 3626bp01.dat
0 // Arms & Hands
1 14 -15.552 -36 0 0.9859 -0.17 0 0.17 0.9859 0 0 0 1 3818.dat
1 14 -23.6943 -18.2157 -9.9 0.9859 -0.1202 0.1202 0.17 0.6972 -0.6972 0 0.7071 0.7071 3820.dat
1 14 15.552 -36 0 0.9859 0.17 0 0.0581 -0.3372 0.94 0.1598 -0.9267 -0.342 3819.dat
1 14 23.6943 -51.3882 -13.3314 0.9859 0.1202 -0.1202 0.0581 0.4262 0.9031 0.1598 -0.8972 0.4135 3820.dat
0
