0 FILE Untitled.ldr
0 Untitled
0 Name: Untitled.ldr
0 Author: Tim Gould
0 Unofficial Model
0 ROTATION CENTER 0 0 0 1 "Custom" 
0 ROTATION CONFIG 0 0
1 15 20 128 -50 1 0 0 0 1 0 0 0 1 3070B.DAT
1 15 20 136 -50 1 0 0 0 1 0 0 0 1 3024.DAT
1 15 20 128 50 1 0 0 0 1 0 0 0 1 3070B.DAT
1 15 20 136 50 1 0 0 0 1 0 0 0 1 3024.DAT
1 15 -40 128 0 0 0 1 0 1 0 -1 0 0 4592.DAT
1 15 -40 136 0 0 0 1 0 1 0 -1 0 0 3794.DAT
1 15 -21 -117 0 0 1 0 -1 0 0 0 0 1 Round.ldr
1 15 -40 128 0 0 -0.325568 0.945519 0 0.945519 0.325568 -1 0 0 4593.DAT
1 15 20 128 50 1 0 0 0 1 0 0 0 1 3070B.DAT
1 15 0 6 0 0.686103 -0.241922 -0.686103 0.171065 0.970296 -0.171065 0.707107 0 0.707107 Strut.ldr
0
0 FILE Strut.ldr
0 New Model
0 Name: Strut.ldr
0 Author: Tim Gould
0 Unofficial Model
0 ROTATION CENTER 0 0 0 1 "Custom" 
0 ROTATION CONFIG 0 0
1 15 0 -80 0 -1 0 0 0 1 0 0 0 -1 3676.DAT
1 15 0 56 0 -1 0 0 0 1 0 0 0 -1 3024.DAT
1 15 0 48 0 -0.994522 0 -0.104528 0 1 0 0.104528 0 -0.994522 3024.DAT
1 15 0 40 0 -0.978148 0 -0.207912 0 1 0 0.207912 0 -0.978148 3024.DAT
1 15 0 32 0 -0.951057 0 -0.309017 0 1 0 0.309017 0 -0.951057 3024.DAT
1 15 0 24 0 -0.913545 0 -0.406737 0 1 0 0.406737 0 -0.913545 3024.DAT
1 15 0 16 0 -0.866025 0 -0.5 0 1 0 0.5 0 -0.866025 3024.DAT
1 15 0 8 0 -0.809017 0 -0.587785 0 1 0 0.587785 0 -0.809017 3024.DAT
1 15 0 0 0 -0.743145 0 -0.669131 0 1 0 0.669131 0 -0.743145 3024.DAT
1 15 0 -8 0 -0.669131 0 -0.743145 0 1 0 0.743145 0 -0.669131 3024.DAT
1 15 0 -16 0 -0.587785 0 -0.809017 0 1 0 0.809017 0 -0.587785 3024.DAT
1 15 0 -24 0 -0.5 0 -0.866025 0 1 0 0.866025 0 -0.5 3024.DAT
1 15 0 -32 0 -0.406737 0 -0.913545 0 1 0 0.913545 0 -0.406737 3024.DAT
1 15 0 -40 0 -0.309017 0 -0.951057 0 1 0 0.951057 0 -0.309017 3024.DAT
1 15 0 -48 0 -0.207912 0 -0.978148 0 1 0 0.978148 0 -0.207912 3024.DAT
1 15 0 -56 0 -0.104528 0 -0.994522 0 1 0 0.994522 0 -0.104528 3024.DAT
1 15 0 64 0 1 0 0 0 1 0 0 0 1 3045.DAT
1 15 0 88 -20 1 0 0 0 1 0 0 0 1 4286.DAT
1 15 20 88 0 0 0 -1 0 1 0 1 0 0 4286.DAT
1 15 0 -104 20 -1 0 0 0 1 0 0 0 -1 4287.DAT
1 15 -20 -104 0 0 0 1 0 1 0 -1 0 0 4287.DAT
1 15 -60 -112 0 -0.707107 0 -0.707107 0 1 0 0.707107 0 -0.707107 2555.DAT
1 15 0 -112 60 -0.707107 0 -0.707107 0 1 0 0.707107 0 -0.707107 2555.DAT
1 15 0 -104 0 0 0 1 0 1 0 -1 0 0 3005.DAT
1 15 0 88 0 0 0 1 0 1 0 -1 0 0 3005.DAT
0
0 FILE Round.ldr
0 New Model
0 Name: Round.ldr
0 Author: Tim Gould
0 Unofficial Model
0 ROTATION CENTER 0 0 0 1 "Custom" 
0 ROTATION CONFIG 0 0
1 15 0 0 60 1 0 0 0 1 0 0 0 1 4070.DAT
1 15 0 0 -60 -1 0 0 0 1 0 0 0 -1 4070.DAT
1 15 -40 10 0 -1 0 0 0 1 0 0 0 -1 4274.DAT
1 15 0 24 -60 -1 0 0 0 1 0 0 0 -1 3005.DAT
1 15 0 24 60 -1 0 0 0 1 0 0 0 -1 3005.DAT
1 15 10 10 0 0 -1 0 -1 0 0 0 0 -1 4733.DAT
1 15 34 10 0 0 -1 0 -1 0 0 0 0 -1 3062B.DAT
1 15 -14 10 0 0 -1 0 -1 0 0 0 0 -1 3062B.DAT
1 15 82 10 0 0 -1 0 -1 0 0 0 0 -1 3062B.DAT
1 15 58 10 0 0 -1 0 -1 0 0 0 0 -1 3062B.DAT
1 15 106 10 0 0 -1 0 -1 0 0 0 0 -1 4589.DAT
1 15 -64 10 0 0 1 0 -1 0 0 0 0 1 4589.DAT
1 15 0 -48 20 -1 0 0 0 1 0 0 0 -1 6005.DAT
1 15 0 -48 -20 1 0 0 0 1 0 0 0 1 6005.DAT
1 15 0 -48 0 0 0 1 0 1 0 -1 0 0 3623.DAT
1 15 0 -56 0 0 0 1 0 1 0 -1 0 0 3070B.DAT
1 15 0 10 -80 -1 0 0 0 0 1 0 1 0 30374.DAT
1 15 0 10 80 1 0 0 0 0 1 0 -1 0 30374.DAT
0
0
